WT_AGO1.1	WT_AGO1.2	deltaN.1	deltaN.2	baseMean	log2FC	lfcSE	stat	p.value	q.value	q.value_BH	ranking
transcript:at1g01046	7	7	5	13	7.9121781158469	0.293729997717571	1.13944116983279	0.25778425906857	0.796573413461336	0.950670363942787	1	122
transcript:at1g01183	0	0	0	0	0	NA	NA	NA	1	1	1	238
transcript:at1g04027	2	2	9	7	4.96746798347254	1.95613497951819	1.48036796851382	1.32138429169202	0.1863732610192	0.950670363942787	1	9
transcript:at1g04393	0	1	0	2	0.725496656093916	0.908462052363745	3.93847955354679	0.230663137896865	0.817576512990797	0.950670363942787	1	129
transcript:at1g04423	0	2	1	0	0.758630708240352	-1.00742288982304	3.87043611549717	-0.260286660149056	0.794642661735323	0.950670363942787	1	120.5
transcript:at1g07051	0	0	0	0	0	NA	NA	NA	1	1	1	238
transcript:at1g11735	2	2	0	4	1.964338360228	-0.0927215336525551	2.33970740308761	-0.0396295423650814	0.96838847453181	0.99873305114663	1	143
transcript:at1g12294	2	0	1	2	1.24165829928836	0.510694195177724	2.86595430912936	0.178193418349669	0.858571078402224	0.974466952256151	1	132
transcript:at1g04993	0	0	0	0	0	NA	NA	NA	1	1	1	238
transcript:at1g14071	9	6	6	4	6.29732597624784	-0.628995027900033	1.25856692182189	-0.499770824255816	0.617236456362943	0.950670363942787	1	69
transcript:at1g18075	6	6	10	12	8.44056140918035	0.820923125064918	1.08818345107358	0.754397729771585	0.450610434374852	0.950670363942787	1	36
transcript:at1g18879	0	0	1	0	0.254754632849634	1.43041503375873	4.99110434712189	0.286592892930315	0.774424056884161	0.950670363942787	1	103.5
transcript:at1g19371	2	2	5	2	2.76455290607761	0.776237053199508	1.87569025558402	0.413840745234247	0.67899074176649	0.950670363942787	1	78
transcript:at1g19464	0	2	0	1	0.740655384589996	-1.05286732747829	3.90566248061315	-0.26957458118936	0.78748755785501	0.950670363942787	1	115.5
transcript:at1g20375	1	0	0	0	0.256672524020085	-1.50244803351832	4.99583519685547	-0.300740111375974	0.763612679420479	0.950670363942787	1	90
transcript:at1g05627	0	0	0	0	0	NA	NA	NA	1	1	1	238
transcript:at1g21202	0	0	0	0	0	NA	NA	NA	1	1	1	238
transcript:at1g05637	0	0	0	0	0	NA	NA	NA	1	1	1	238
transcript:at1g26973	0	0	0	0	0	NA	NA	NA	1	1	1	238
transcript:at1g26975	0	0	0	0	0	NA	NA	NA	1	1	1	238
transcript:at1g26985	0	1	0	0	0.251938037695359	-1.4889087282958	4.99680329447386	-0.297972251567804	0.765724342199757	0.950670363942787	1	97
transcript:at1g29265	0	0	0	0	0	NA	NA	NA	1	1	1	238
transcript:at1g31173	30	28	34	39	32.650491351732	0.278928860643229	0.566530120953187	0.492346038325255	0.622474739428262	0.950670363942787	1	72
transcript:at1g31358	0	0	0	0	0	NA	NA	NA	1	1	1	238
transcript:at1g06523	0	0	0	0	0	NA	NA	NA	1	1	1	238
transcript:at1g32582	2	1	0	0	0.765283085735529	-3.08182167645165	3.77612604920691	-0.816133157710378	0.414423981489857	0.950670363942787	1	29.5
transcript:at1g06597	7	2	1	1	2.79211768558023	-2.22637973778743	2.01504035606005	-1.1048809673175	0.269211170470356	0.950670363942787	1	17
transcript:at1g32713	0	0	0	0	0	NA	NA	NA	1	1	1	238
transcript:at1g06623	0	0	0	0	0	NA	NA	NA	1	1	1	238
transcript:at1g32992	0	0	0	0	0	NA	NA	NA	1	1	1	238
transcript:at1g06643	453	495	556	637	533.453977864638	0.279473001949297	0.195855887794652	1.42693183797627	0.153599542722831	0.950670363942787	1	7
transcript:at1g06647	483	547	541	646	552.564625835448	0.15174181155678	0.197489487496518	0.768353867744255	0.442276979739094	0.950670363942787	1	35
transcript:at1g06653	0	0	0	0	0	NA	NA	NA	1	1	1	238
transcript:at1g06903	0	0	0	0	0	NA	NA	NA	1	1	1	238
transcript:at1g35501	0	0	0	0	0	NA	NA	NA	1	1	1	238
transcript:at1g07137	0	0	0	1	0.236779309199278	1.37714715697552	4.9948116307562	0.275715534194634	0.7827665633774	0.950670363942787	1	110.5
transcript:at1g07243	1	0	0	0	0.256672524020085	-1.50244803351832	4.99583519685547	-0.300740111375974	0.763612679420479	0.950670363942787	1	90
transcript:at1g07283	0	0	0	0	0	NA	NA	NA	1	1	1	238
transcript:at1g07357	0	0	0	0	0	NA	NA	NA	1	1	1	238
transcript:at1g48267	6	2	0	0	2.04391121951123	-4.49889298424266	2.61834071226323	-1.71822290474715	0.0857559652403551	0.950670363942787	1	4
transcript:at1g48742	0	0	1	0	0.254754632849634	1.43041503375873	4.99110434712189	0.286592892930315	0.774424056884161	0.950670363942787	1	103.5
transcript:at1g07613	15	3	5	12	8.72102684802687	-0.157340299661921	1.16262541281726	-0.135331894458298	0.89234946890191	0.974466952256151	1	135
transcript:at1g07633	0	2	0	2	0.977434693789275	-0.0823278167817472	3.42461072351947	-0.0240400510972934	0.980820661773175	0.99873305114663	1	144
transcript:at1g07727	0	0	0	0	0	NA	NA	NA	1	1	1	238
transcript:at1g52185	0	0	0	0	0	NA	NA	NA	1	1	1	238
transcript:at1g07867	51	43	51	66	52.5435550284085	0.259677063945922	0.460638019023482	0.56373345929287	0.572935542707805	0.950670363942787	1	54
transcript:at1g53683	0	0	0	0	0	NA	NA	NA	1	1	1	238
transcript:at1g53687	0	0	0	0	0	NA	NA	NA	1	1	1	238
transcript:at1g08053	0	0	0	0	0	NA	NA	NA	1	1	1	238
transcript:at1g55591	0	0	0	0	0	NA	NA	NA	1	1	1	238
transcript:at1g08157	0	0	0	0	0	NA	NA	NA	1	1	1	238
transcript:at1g08163	0	0	0	0	0	NA	NA	NA	1	1	1	238
transcript:at1g08287	0	6	0	9	3.64264200896566	0.496267427407892	4.41649714426305	0.112366749303242	0.910532618535144	0.981422723125384	1	139
transcript:at1g60025	0	0	0	0	0	NA	NA	NA	1	1	1	238
transcript:at1g60072	0	0	0	0	0	NA	NA	NA	1	1	1	238
transcript:at1g60073	0	0	0	0	0	NA	NA	NA	1	1	1	238
transcript:at1g08303	0	0	0	0	0	NA	NA	NA	1	1	1	238
transcript:at1g08337	0	0	0	0	0	NA	NA	NA	1	1	1	238
transcript:at1g08343	0	0	0	0	0	NA	NA	NA	1	1	1	238
transcript:at1g61224	0	2	0	0	0.503876075390718	-2.48060859400872	4.89318198290591	-0.506952041161479	0.612188469457418	0.950670363942787	1	65
transcript:at1g61226	0	2	0	0	0.503876075390718	-2.48060859400872	4.89318198290591	-0.506952041161479	0.612188469457418	0.950670363942787	1	65
transcript:at1g61732	0	0	0	0	0	NA	NA	NA	1	1	1	238
transcript:at1g62035	2	1	7	1	2.78534482488225	1.39587386329656	1.97929082550539	0.705239394488749	0.480661269204946	0.950670363942787	1	42
transcript:at1g62355	4	8	2	7	5.20915882773743	-0.483829721673416	1.41064169553584	-0.342985552748483	0.73160932889564	0.950670363942787	1	85
transcript:at1g63005	0	0	0	0	0	NA	NA	NA	1	1	1	238
transcript:at1g08597	55	68	91	115	81.6610675316228	0.690304937241343	0.382701067765037	1.80377060684127	0.0712672755017809	0.950670363942787	1	3
transcript:at1g08783	0	0	0	0	0	NA	NA	NA	1	1	1	238
transcript:at1g08793	0	1	1	1	0.743471979744271	0.953938014285227	3.62015120444482	0.263507781971643	0.792159226298244	0.950670363942787	1	118
transcript:at1g08813	2	1	0	1	1.00206239493481	-1.65174363212404	3.22060360269364	-0.512867721672597	0.608043853783232	0.950670363942787	1	59
transcript:at1g66725	33	36	17	13	24.9489224277301	-1.24596736655131	0.660802082593227	-1.88553789307335	0.0593572534930502	0.950670363942787	1	2
transcript:at1g66783	0	0	0	1	0.236779309199278	1.37714715697552	4.9948116307562	0.275715534194634	0.7827665633774	0.950670363942787	1	110.5
transcript:at1g66795	0	0	0	0	0	NA	NA	NA	1	1	1	238
transcript:at1g67195	125	166	138	109	134.870863795911	-0.279211633742462	0.325708375776764	-0.857244254393476	0.39130990959812	0.950670363942787	1	27
transcript:at1g67481	0	0	0	0	0	NA	NA	NA	1	1	1	238
transcript:at1g69792	0	0	0	0	0	NA	NA	NA	1	1	1	238
transcript:at1g69795	0	1	0	0	0.251938037695359	-1.4889087282958	4.99680329447386	-0.297972251567804	0.765724342199757	0.950670363942787	1	97
transcript:at1g69797	0	0	0	0	0	NA	NA	NA	1	1	1	238
transcript:at1g70645	0	0	0	1	0.236779309199278	1.37714715697552	4.9948116307562	0.275715534194634	0.7827665633774	0.950670363942787	1	110.5
transcript:at1g09213	0	0	0	0	0	NA	NA	NA	1	1	1	238
transcript:at1g71002	0	0	0	0	0	NA	NA	NA	1	1	1	238
transcript:at1g73687	2	0	0	0	0.51334504804017	-2.50502274498022	4.88527479469962	-0.512770079525127	0.608112161741131	0.950670363942787	1	60
transcript:at1g09473	32	40	19	30	30.2347595765785	-0.612831663330581	0.600535245212632	-1.02047576427191	0.307502877672836	0.950670363942787	1	20
transcript:at1g76062	20	18	15	18	17.7516822172497	-0.257523983277233	0.755783175636694	-0.340737914760126	0.733300893024285	0.950670363942787	1	86
transcript:at1g76135	2	2	2	0	1.52673038913016	-1.01205519840393	2.61844474248892	-0.386510046204733	0.699118963798232	0.950670363942787	1	81
transcript:at1g09687	39	27	51	28	36.4348623874691	0.220724303251859	0.579696387286285	0.380758459243	0.703382486150949	0.950670363942787	1	83
transcript:at1g77235	2	0	1	0	0.768099680889804	-1.03040019255846	3.85276544940266	-0.267444308793368	0.789127087941032	0.950670363942787	1	117
transcript:at1g78206	4	3	2	2	2.76557209326424	-0.858707963859958	1.8554244912299	-0.462809436826368	0.643500966430237	0.950670363942787	1	77
transcript:at1g78478	5	6	6	4	5.2706358801675	-0.178025643163413	1.35712915573698	-0.131178114043786	0.895634408800214	0.974466952256151	1	137
transcript:at1g09817	0	0	0	0	0	NA	NA	NA	1	1	1	238
transcript:at2g03855	24	26	25	27	25.4724367261827	0.00575589797025513	0.635146021671756	0.00906232232251906	0.992769411903479	0.99873305114663	1	147
transcript:at2g02741	5	13	2	1	5.30484568503864	-2.62060041253612	1.53788294602685	-1.70403112883623	0.0883752718454721	0.950670363942787	1	5
transcript:at2g03445	0	0	0	0	0	NA	NA	NA	1	1	1	238
transcript:at2g04935	0	0	0	0	0	NA	NA	NA	1	1	1	238
transcript:at2g05415	0	0	0	0	0	NA	NA	NA	1	1	1	238
transcript:at2g05455	0	0	0	0	0	NA	NA	NA	1	1	1	238
transcript:at2g10606	0	3	4	1	2.01161195368389	0.724170668890186	2.35565412635077	0.307418080094816	0.75852516812962	0.950670363942787	1	87
transcript:at2g05605	0	0	0	0	0	NA	NA	NA	1	1	1	238
transcript:at2g05615	0	0	0	0	0	NA	NA	NA	1	1	1	238
transcript:at2g05815	1	0	3	1	1.25771573176827	1.96721705449035	2.97730478863036	0.660737544238902	0.508780642063896	0.950670363942787	1	45
transcript:at2g16145	0	0	0	0	0	NA	NA	NA	1	1	1	238
transcript:at2g06665	0	0	0	0	0	NA	NA	NA	1	1	1	238
transcript:at2g07195	0	1	0	0	0.251938037695359	-1.4889087282958	4.99680329447386	-0.297972251567804	0.765724342199757	0.950670363942787	1	97
transcript:at2g19425	0	0	0	0	0	NA	NA	NA	1	1	1	238
transcript:at2g07205	0	0	0	0	0	NA	NA	NA	1	1	1	238
transcript:at2g07315	0	0	0	0	0	NA	NA	NA	1	1	1	238
transcript:at2g22496	0	3	0	0	0.755814113086076	-3.06552620049978	4.15435985196578	-0.737905792886289	0.46057169852684	0.950670363942787	1	37.5
transcript:at2g22668	0	1	0	0	0.251938037695359	-1.4889087282958	4.99680329447386	-0.297972251567804	0.765724342199757	0.950670363942787	1	97
transcript:at2g07895	0	0	0	0	0	NA	NA	NA	1	1	1	238
transcript:at2g23347	2	4	1	2	2.2494104500698	-1.05848065459811	2.07350628944395	-0.510478632250477	0.609716180750621	0.950670363942787	1	61
transcript:at2g07915	0	0	0	0	0	NA	NA	NA	1	1	1	238
transcript:at2g07910	0	0	0	0	0	NA	NA	NA	1	1	1	238
transcript:at2g24103	0	0	0	0	0	NA	NA	NA	1	1	1	238
transcript:at2g08015	0	0	0	0	0	NA	NA	NA	1	1	1	238
transcript:at2g08035	0	0	0	0	0	NA	NA	NA	1	1	1	238
transcript:at2g25011	0	0	0	0	0	NA	NA	NA	1	1	1	238
transcript:at2g25095	1	7	4	2	3.51281593768469	-0.442804793796615	1.73401032348753	-0.255364566057498	0.798441535898281	0.950670363942787	1	124
transcript:at2g25171	0	0	0	0	0	NA	NA	NA	1	1	1	238
transcript:at2g26211	1	1	3	2	1.7464330786629	1.28110008638541	2.34493536336502	0.546326396198406	0.58484159479893	0.950670363942787	1	56
transcript:at2g28056	0	0	0	0	0	NA	NA	NA	1	1	1	238
transcript:at2g08235	28	25	45	40	34.420412461151	0.633926806495345	0.558517577366936	1.13501675181633	0.256368299569903	0.950670363942787	1	16
transcript:at2g08275	0	0	0	0	0	NA	NA	NA	1	1	1	238
transcript:at2g32273	0	0	0	0	0	NA	NA	NA	1	1	1	238
transcript:at2g32698	0	0	0	0	0	NA	NA	NA	1	1	1	238
transcript:at2g08555	16	13	8	9	11.5510057199516	-0.823708390776278	0.936876697284553	-0.879206829632669	0.379289142052304	0.950670363942787	1	25
transcript:at2g34202	0	2	4	2	1.99645322518781	1.55946141425789	2.3609196704731	0.660531331820108	0.508912918839556	0.950670363942787	1	46
transcript:at2g34204	0	0	0	0	0	NA	NA	NA	1	1	1	238
transcript:at2g34208	0	0	0	0	0	NA	NA	NA	1	1	1	238
transcript:at2g08855	2	0	2	0	1.02285431373944	-0.0178347693046682	3.36608398710801	-0.00529837323518212	0.995772529577746	0.99873305114663	1	148.5
transcript:at2g38325	0	0	0	0	0	NA	NA	NA	1	1	1	238
transcript:at2g39175	1	0	0	0	0.256672524020085	-1.50244803351832	4.99583519685547	-0.300740111375974	0.763612679420479	0.950670363942787	1	90
transcript:at2g09080	0	0	0	0	0	NA	NA	NA	1	1	1	238
transcript:at2g39885	0	0	0	0	0	NA	NA	NA	1	1	1	238
transcript:at2g09120	0	0	0	0	0	NA	NA	NA	1	1	1	238
transcript:at2g09150	2	1	0	0	0.765283085735529	-3.08182167645165	3.77612604920691	-0.816133157710378	0.414423981489857	0.950670363942787	1	29.5
transcript:at2g40805	0	0	0	0	0	NA	NA	NA	1	1	1	238
transcript:at2g41616	0	0	0	0	0	NA	NA	NA	1	1	1	238
transcript:at2g09340	15	10	20	20	16.2001470782331	0.626484068399855	0.800380195826215	0.782733095679796	0.433783863096831	0.950670363942787	1	33
transcript:at2g09670	4	0	0	2	1.5002487144789	-1.10193268024068	2.88664476834876	-0.381734771220573	0.702658106012944	0.950670363942787	1	82
transcript:at2g46255	0	0	0	0	0	NA	NA	NA	1	1	1	238
transcript:at2g46685	5	2	3	5	3.73539914003644	0.127998553145015	1.61750520058855	0.0791333178393745	0.936926582794992	0.996730407228715	1	141
transcript:at2g47015	34	36	26	32	31.9971935221832	-0.32494022434291	0.572398341183304	-0.567681981172708	0.570250928872848	0.950670363942787	1	53
transcript:at2g47275	0	0	1	0	0.254754632849634	1.43041503375873	4.99110434712189	0.286592892930315	0.774424056884161	0.950670363942787	1	103.5
transcript:at2g47585	0	0	0	2	0.473558618398557	2.34459024542489	4.89591452623857	0.478887086949654	0.632018957858112	0.950670363942787	1	74
transcript:at2g09995	0	0	1	2	0.728313251248191	2.96234701433116	3.84768539340695	0.76990364633428	0.441357050789285	0.950670363942787	1	34
transcript:at3g04765	0	1	0	0	0.251938037695359	-1.4889087282958	4.99680329447386	-0.297972251567804	0.765724342199757	0.950670363942787	1	97
transcript:at3g09285	0	0	0	0	0	NA	NA	NA	1	1	1	238
transcript:at3g10745	0	2	2	2	1.48694395948854	0.960166099854573	2.64387259320377	0.363166554365266	0.716480470207498	0.950670363942787	1	84
transcript:at3g11435	0	0	0	0	0	NA	NA	NA	1	1	1	238
transcript:at3g13405	4	5	6	17	7.84015633804267	1.28346811514334	1.17942894044225	1.08821148195845	0.276501757028277	0.950670363942787	1	18
transcript:at3g13724	1	1	1	0	0.763365194565078	-1.02146774289601	3.5840251647605	-0.285005739619093	0.775639744636166	0.950670363942787	1	106.5
transcript:at3g14385	0	2	0	0	0.503876075390718	-2.48060859400872	4.89318198290591	-0.506952041161479	0.612188469457418	0.950670363942787	1	65
transcript:at3g03235	0	0	0	0	0	NA	NA	NA	1	1	1	238
transcript:at3g03245	0	0	0	0	0	NA	NA	NA	1	1	1	238
transcript:at3g03255	0	0	0	0	0	NA	NA	NA	1	1	1	238
transcript:at3g03625	0	4	7	4	3.73815181752599	1.43187666941614	1.788797504029	0.800468843561697	0.423439208074267	0.950670363942787	1	32
transcript:at3g18217	4	10	3	11	6.91490677277489	-0.0695238547297839	1.25515172498571	-0.0553907972604471	0.955827127305496	0.99873305114663	1	142
transcript:at3g18827	0	0	0	0	0	NA	NA	NA	1	1	1	238
transcript:at3g18895	0	0	0	0	0	NA	NA	NA	1	1	1	238
transcript:at3g22886	9	7	4	3	5.80297543904465	-1.23869034483261	1.32301725569034	-0.936261669683413	0.349138478142167	0.950670363942787	1	23
transcript:at3g23125	0	0	0	1	0.236779309199278	1.37714715697552	4.9948116307562	0.275715534194634	0.7827665633774	0.950670363942787	1	110.5
transcript:at3g23326	3	0	2	0	1.27952683775952	-0.604738530142762	3.06915945058542	-0.197037182290224	0.843798440840893	0.966181420810183	1	131
transcript:at3g04655	0	0	0	0	0	NA	NA	NA	1	1	1	238
transcript:at3g26812	2	2	0	0	1.01722112343089	-3.49287306224307	3.35482555369141	-1.0411489379529	0.297806429873564	0.950670363942787	1	19
transcript:at3g26813	0	0	0	1	0.236779309199278	1.37714715697552	4.9948116307562	0.275715534194634	0.7827665633774	0.950670363942787	1	110.5
transcript:at3g26815	0	0	2	0	0.509509265699268	2.44055271379472	4.88883675171286	0.499209287963981	0.617631952051234	0.950670363942787	1	70.5
transcript:at3g26816	0	0	0	0	0	NA	NA	NA	1	1	1	238
transcript:at3g26818	0	0	0	3	0.710337927597835	2.92913401590407	4.25849707484367	0.687832811535181	0.491558071096039	0.950670363942787	1	43.5
transcript:at3g26819	0	0	0	0	0	NA	NA	NA	1	1	1	238
transcript:at3g05515	0	0	0	0	0	NA	NA	NA	1	1	1	238
transcript:at3g05985	0	0	0	0	0	NA	NA	NA	1	1	1	238
transcript:at3g06345	124	104	145	104	119.59341881873	0.0840305237453501	0.343993388399555	0.24427947332449	0.807014379915186	0.950670363942787	1	125
transcript:at3g06445	0	0	0	0	0	NA	NA	NA	1	1	1	238
transcript:at3g06595	0	0	0	0	0	NA	NA	NA	1	1	1	238
transcript:at3g44444	0	0	0	0	0	NA	NA	NA	1	1	1	238
transcript:at3g07065	0	0	0	0	0	NA	NA	NA	1	1	1	238
transcript:at3g07095	0	0	0	0	0	NA	NA	NA	1	1	1	238
transcript:at3g07515	0	2	0	0	0.503876075390718	-2.48060859400872	4.89318198290591	-0.506952041161479	0.612188469457418	0.950670363942787	1	65
transcript:at3g07685	0	0	0	0	0	NA	NA	NA	1	1	1	238
transcript:at3g07695	0	0	0	0	0	NA	NA	NA	1	1	1	238
transcript:at3g07755	0	0	0	0	0	NA	NA	NA	1	1	1	238
transcript:at3g48057	0	0	0	0	0	NA	NA	NA	1	1	1	238
transcript:at3g48201	0	2	0	1	0.740655384589996	-1.05286732747829	3.90566248061315	-0.26957458118936	0.78748755785501	0.950670363942787	1	115.5
transcript:at3g08150	0	0	0	0	0	NA	NA	NA	1	1	1	238
transcript:at3g51375	0	0	0	0	0	NA	NA	NA	1	1	1	238
transcript:at3g08285	0	0	0	0	0	NA	NA	NA	1	1	1	238
transcript:at3g53015	0	0	0	0	0	NA	NA	NA	1	1	1	238
transcript:at3g53016	0	0	0	0	0	NA	NA	NA	1	1	1	238
transcript:at3g55512	0	0	0	0	0	NA	NA	NA	1	1	1	238
transcript:at3g55734	0	3	0	0	0.755814113086076	-3.06552620049978	4.15435985196578	-0.737905792886289	0.46057169852684	0.950670363942787	1	37.5
transcript:at3g59884	5	3	1	0	2.29393136603614	-3.03745392261559	2.4122729336265	-1.25916677183341	0.207970100715242	0.950670363942787	1	13
transcript:at3g09515	1	0	0	1	0.493451833219364	-0.0742746184602439	4.64126395698055	-0.0160031015578274	0.987231917327128	0.99873305114663	1	146
transcript:at3g09615	7	4	0	6	4.2251356741177	-0.968279809852409	1.69504000723598	-0.571243041886271	0.567834905466617	0.950670363942787	1	52
transcript:at3g61897	4	8	1	1	3.53372833969212	-2.63128056111849	1.84249635471304	-1.42810625073302	0.153261278634728	0.950670363942787	1	6
transcript:at3g63375	9	8	5	6	7.02000603718748	-0.68198289148298	1.18447470396288	-0.575768219617761	0.564771857234023	0.950670363942787	1	51
transcript:at4g00885	0	0	0	0	0	NA	NA	NA	1	1	1	238
transcript:at4g04095	0	0	0	0	0	NA	NA	NA	1	1	1	238
transcript:at4g04125	733	972	1590	1304	1146.84481817339	0.720757244743512	0.202941956960167	3.55154377901747	0.000382978274664959	0.0574467411997439	0.124467939266112	1
transcript:at4g03039	0	0	0	0	0	NA	NA	NA	1	1	1	238
transcript:at4g04365	0	0	0	0	0	NA	NA	NA	1	1	1	238
transcript:at4g03438	1	1	0	0	0.508610561715444	-2.49286692387437	4.47349155262586	-0.557253075041821	0.577354531556226	0.950670363942787	1	55
transcript:at4g03445	16	6	8	13	10.7345566928812	-0.13181568689381	1.00453044555971	-0.131221196407207	0.895600328630409	0.974466952256151	1	136
transcript:at4g03455	0	0	0	0	0	NA	NA	NA	1	1	1	238
transcript:at4g04825	0	1	0	0	0.251938037695359	-1.4889087282958	4.99680329447386	-0.297972251567804	0.765724342199757	0.950670363942787	1	97
transcript:at4g04835	0	0	0	2	0.473558618398557	2.34459024542489	4.89591452623857	0.478887086949654	0.632018957858112	0.950670363942787	1	74
transcript:at4g05105	0	0	0	0	0	NA	NA	NA	1	1	1	238
transcript:at4g05508	0	0	0	1	0.236779309199278	1.37714715697552	4.9948116307562	0.275715534194634	0.7827665633774	0.950670363942787	1	110.5
transcript:at4g05305	0	0	0	0	0	NA	NA	NA	1	1	1	238
transcript:at4g08116	0	0	0	0	0	NA	NA	NA	1	1	1	238
transcript:at4g05415	0	0	0	0	0	NA	NA	NA	1	1	1	238
transcript:at4g05455	0	0	0	0	0	NA	NA	NA	1	1	1	238
transcript:at4g10345	0	0	0	0	0	NA	NA	NA	1	1	1	238
transcript:at4g05800	0	0	0	0	0	NA	NA	NA	1	1	1	238
transcript:at4g05855	0	0	0	0	0	NA	NA	NA	1	1	1	238
transcript:at4g05860	0	0	0	0	0	NA	NA	NA	1	1	1	238
transcript:at4g05925	0	0	0	0	0	NA	NA	NA	1	1	1	238
transcript:at4g05930	0	0	0	0	0	NA	NA	NA	1	1	1	238
transcript:at4g06075	1	0	2	7	2.4236369541143	3.09049117324317	2.40000991670177	1.28769933479704	0.197850645228958	0.950670363942787	1	11
transcript:at4g13493	34	32	35	40	35.1764675406427	0.131637346147965	0.546619750230044	0.240820691335367	0.809694092134287	0.950670363942787	1	127
transcript:at4g13494	24	31	35	58	36.6198318283335	0.698475316395496	0.557606951569089	1.25263021637375	0.210340312945852	0.950670363942787	1	14
transcript:at4g13554	1	2	0	0	0.760548599410803	-3.07383111312962	3.78481010167969	-0.812149362993262	0.416705931260425	0.950670363942787	1	31
transcript:at4g13555	0	0	0	0	0	NA	NA	NA	1	1	1	238
transcript:at4g06110	1	6	5	1	3.27885322363969	-0.23641890407835	1.8176026400134	-0.130071831363871	0.896509596075659	0.974466952256151	1	138
transcript:at4g13564	0	1	2	7	2.41890246778958	3.09691791248636	2.4016666402831	1.28948700062774	0.197228832727902	0.950670363942787	1	10
transcript:at4g06130	0	4	1	0	1.26250678363107	-2.01281272680378	3.19997476091199	-0.629008938254917	0.529343204551451	0.950670363942787	1	48.5
transcript:at4g14504	5	4	5	0	3.56488793513003	-0.859042625893938	1.81720417580608	-0.472727631452247	0.636407510521406	0.950670363942787	1	76
transcript:at4g06260	0	2	0	0	0.503876075390718	-2.48060859400872	4.89318198290591	-0.506952041161479	0.612188469457418	0.950670363942787	1	65
transcript:at4g14811	0	0	0	0	0	NA	NA	NA	1	1	1	238
transcript:at4g17788	4	4	0	2	2.50800086526033	-2.08249926297386	2.15415187322693	-0.966737437994223	0.333675306562316	0.950670363942787	1	22
transcript:at4g06865	1	1	7	4	3.23901022846	2.42230126050664	1.89126583486537	1.28078306912316	0.200269872526127	0.950670363942787	1	12
transcript:at4g19395	3	3	10	1	4.31015732284195	0.86119514588759	1.62120687518149	0.531206201423975	0.595275896055709	0.950670363942787	1	57
transcript:at4g06915	0	0	0	0	0	NA	NA	NA	1	1	1	238
transcript:at4g07000	0	0	0	0	0	NA	NA	NA	1	1	1	238
transcript:at4g07005	0	0	0	0	0	NA	NA	NA	1	1	1	238
transcript:at4g21362	0	0	0	0	0	NA	NA	NA	1	1	1	238
transcript:at4g21595	0	0	0	0	0	NA	NA	NA	1	1	1	238
transcript:at4g07080	0	0	0	0	0	NA	NA	NA	1	1	1	238
transcript:at4g07100	0	1	0	0	0.251938037695359	-1.4889087282958	4.99680329447386	-0.297972251567804	0.765724342199757	0.950670363942787	1	97
transcript:at4g23375	0	0	0	0	0	NA	NA	NA	1	1	1	238
transcript:at4g23387	0	0	0	2	0.473558618398557	2.34459024542489	4.89591452623857	0.478887086949654	0.632018957858112	0.950670363942787	1	74
transcript:at4g23713	1	0	0	0	0.256672524020085	-1.50244803351832	4.99583519685547	-0.300740111375974	0.763612679420479	0.950670363942787	1	90
transcript:at4g24415	11	16	15	20	15.4113120440768	0.320562447325751	0.815949728425165	0.392870340118205	0.694415248979272	0.950670363942787	1	79
transcript:at4g07565	0	0	0	0	0	NA	NA	NA	1	1	1	238
transcript:at4g27765	1	1	1	0	0.763365194565078	-1.02146774289601	3.5840251647605	-0.285005739619093	0.775639744636166	0.950670363942787	1	106.5
transcript:at4g08335	20	14	20	26	19.9119377043106	0.379014769395532	0.724502858947159	0.523137713971637	0.600878422173197	0.950670363942787	1	58
transcript:at4g30972	0	0	0	0	0	NA	NA	NA	1	1	1	238
transcript:at4g31877	2	2	1	2	1.74553437467908	-0.477890179354496	2.29167380094769	-0.208533247252236	0.834812625641047	0.963245337278131	1	130
transcript:at4g32445	0	2	0	0	0.503876075390718	-2.48060859400872	4.89318198290591	-0.506952041161479	0.612188469457418	0.950670363942787	1	65
transcript:at4g09735	0	0	0	0	0	NA	NA	NA	1	1	1	238
transcript:at4g09925	66	95	61	75	74.1729809601583	-0.295462802358728	0.404227741054034	-0.730931532774819	0.464820974344287	0.950670363942787	1	40
transcript:at5g01747	3	3	1	1	2.01736562719524	-1.63491618529323	2.21892683264747	-0.736804910030569	0.461240996860307	0.950670363942787	1	39
transcript:at5g02035	0	0	0	0	0	NA	NA	NA	1	1	1	238
transcript:at5g03552	46	36	36	42	39.9926032309134	-0.126369007611773	0.52030409268152	-0.242875290410456	0.808102007914273	0.950670363942787	1	126
transcript:at5g04275	0	0	0	0	0	NA	NA	NA	1	1	1	238
transcript:at5g08185	6	3	3	4	4.0072303925526	-0.421613180296108	1.55652468473671	-0.27086829038463	0.786492334203628	0.950670363942787	1	114
transcript:at5g08210	28	55	23	51	38.9785240705119	-0.228210588334354	0.58574810548519	-0.389605337511628	0.69682840467668	0.950670363942787	1	80
transcript:at5g08712	1	0	0	0	0.256672524020085	-1.50244803351832	4.99583519685547	-0.300740111375974	0.763612679420479	0.950670363942787	1	90
transcript:at5g08717	0	0	0	0	0	NA	NA	NA	1	1	1	238
transcript:at5g01735	0	0	0	0	0	NA	NA	NA	1	1	1	238
transcript:at5g01745	0	0	0	0	0	NA	NA	NA	1	1	1	238
transcript:at5g01755	0	0	0	0	0	NA	NA	NA	1	1	1	238
transcript:at5g10945	0	2	1	0	0.758630708240352	-1.00742288982304	3.87043611549717	-0.260286660149056	0.794642661735323	0.950670363942787	1	120.5
transcript:at5g01915	15	19	9	12	13.7710539825511	-0.749206660279236	0.861672376146414	-0.869479724567534	0.384584793281472	0.950670363942787	1	26
transcript:at5g11977	1	0	2	0	0.766181789719353	0.986965494828374	3.85924883898354	0.255740310098357	0.798151366963606	0.950670363942787	1	123
transcript:at5g13887	3	0	2	2	1.75308545615808	0.355047245554905	2.45406763471585	0.144677041713243	0.884965866478838	0.974466952256151	1	134
transcript:at5g14545	38	38	55	70	49.9132577958662	0.662973672255498	0.470189529501625	1.41001368737031	0.158535641380029	0.950670363942787	1	8
transcript:at5g14565	0	2	4	5	2.70679115278565	2.12337414934857	2.09217264085755	1.01491344828897	0.310147087035136	0.950670363942787	1	21
transcript:at5g15833	0	0	0	0	0	NA	NA	NA	1	1	1	238
transcript:at5g03145	0	0	0	0	0	NA	NA	NA	1	1	1	238
transcript:at5g03225	0	0	0	0	0	NA	NA	NA	1	1	1	238
transcript:at5g03265	1	2	3	0	1.5248124979597	-0.004178679629548	2.63159996632771	-0.00158788557646137	0.99873305114663	0.99873305114663	1	150
transcript:at5g03305	0	0	0	0	0	NA	NA	NA	1	1	1	238
transcript:at5g03425	0	1	0	0	0.251938037695359	-1.4889087282958	4.99680329447386	-0.297972251567804	0.765724342199757	0.950670363942787	1	97
transcript:at5g03475	4	12	7	2	6.30678759677064	-0.85210428264392	1.33148201398035	-0.639966799173371	0.522194184286789	0.950670363942787	1	47
transcript:at5g23065	0	0	2	0	0.509509265699268	2.44055271379472	4.88883675171286	0.499209287963981	0.617631952051234	0.950670363942787	1	70.5
transcript:at5g24825	0	0	0	0	0	NA	NA	NA	1	1	1	238
transcript:at5g04145	0	0	0	0	0	NA	NA	NA	1	1	1	238
transcript:at5g26038	72	94	85	76	81.8119685641739	-0.0897997201800291	0.383811095177547	-0.2339685363668	0.815009405116683	0.950670363942787	1	128
transcript:at5g26147	0	0	0	0	0	NA	NA	NA	1	1	1	238
transcript:at5g04255	0	0	0	0	0	NA	NA	NA	1	1	1	238
transcript:at5g04415	176	140	126	165	151.61335926182	-0.175760426568262	0.304362733218383	-0.577470259613396	0.563621823561837	0.950670363942787	1	50
transcript:at5g27807	2	4	0	2	1.99465581722016	-1.66633446487059	2.36119579188217	-0.705716345336322	0.480364554059957	0.950670363942787	1	41
transcript:at5g04915	0	0	0	0	0	NA	NA	NA	1	1	1	238
transcript:at5g04935	0	0	0	3	0.710337927597835	2.92913401590407	4.25849707484367	0.687832811535181	0.491558071096039	0.950670363942787	1	43.5
transcript:at5g04955	0	0	0	0	0	NA	NA	NA	1	1	1	238
transcript:at5g04965	0	0	0	0	0	NA	NA	NA	1	1	1	238
transcript:at5g04975	0	0	0	0	0	NA	NA	NA	1	1	1	238
transcript:at5g04985	0	0	0	0	0	NA	NA	NA	1	1	1	238
transcript:at5g04995	0	0	0	0	0	NA	NA	NA	1	1	1	238
transcript:at5g05005	0	0	0	0	0	NA	NA	NA	1	1	1	238
transcript:at5g05035	0	0	0	0	0	NA	NA	NA	1	1	1	238
transcript:at5g35407	0	2	0	0	0.503876075390718	-2.48060859400872	4.89318198290591	-0.506952041161479	0.612188469457418	0.950670363942787	1	65
transcript:at5g05185	0	0	0	0	0	NA	NA	NA	1	1	1	238
transcript:at5g05315	0	0	0	0	0	NA	NA	NA	1	1	1	238
transcript:at5g05505	0	0	0	0	0	NA	NA	NA	1	1	1	238
transcript:at5g05915	0	0	0	0	0	NA	NA	NA	1	1	1	238
transcript:at5g39635	2	0	2	0	1.02285431373944	-0.0178347693046682	3.36608398710801	-0.00529837323518212	0.995772529577746	0.99873305114663	1	148.5
transcript:at5g39693	0	0	1	0	0.254754632849634	1.43041503375873	4.99110434712189	0.286592892930315	0.774424056884161	0.950670363942787	1	103.5
transcript:at5g40384	0	0	4	0	1.01901853139854	3.44082240833954	3.69120689339561	0.932167312131959	0.351250065611766	0.950670363942787	1	24
transcript:at5g06105	0	0	0	0	0	NA	NA	NA	1	1	1	238
transcript:at5g06175	0	0	0	0	0	NA	NA	NA	1	1	1	238
transcript:at5g41663	1	0	1	1	0.748206466068998	0.9431090169159	3.61210083354804	0.261097090135636	0.794017635609979	0.950670363942787	1	119
transcript:at5g41905	3	2	1	0	1.52864828030061	-2.35422688982238	2.75339318815735	-0.855027498414747	0.392535924668299	0.950670363942787	1	28
transcript:at5g43603	0	1	0	0	0.251938037695359	-1.4889087282958	4.99680329447386	-0.297972251567804	0.765724342199757	0.950670363942787	1	97
transcript:at5g06605	2	3	0	0	1.26915916112625	-3.81240215844565	3.08142080545757	-1.23722217741031	0.216004610290066	0.950670363942787	1	15
transcript:at5g45307	0	0	0	0	0	NA	NA	NA	1	1	1	238
transcript:at5g46845	2	5	8	0	3.81107229931404	0.191759881376673	1.81796521144112	0.105480501040316	0.915994541583692	0.981422723125384	1	140
transcript:at5g07055	0	0	0	0	0	NA	NA	NA	1	1	1	238
transcript:at5g07065	0	0	0	0	0	NA	NA	NA	1	1	1	238
transcript:at5g07075	0	0	0	0	0	NA	NA	NA	1	1	1	238
transcript:at5g07655	0	0	0	0	0	NA	NA	NA	1	1	1	238
transcript:at5g50717	0	0	0	0	0	NA	NA	NA	1	1	1	238
transcript:at5g07875	0	0	0	0	0	NA	NA	NA	1	1	1	238
transcript:at5g52797	0	0	0	0	0	NA	NA	NA	1	1	1	238
transcript:at5g07965	21	17	15	28	20.1242097955672	0.114556468064446	0.729721812806267	0.156986492734676	0.875255493342473	0.974466952256151	1	133
transcript:at5g08255	1	1	1	1	1.00014450376436	-0.0497006543904047	2.95310525519814	-0.0168299637484713	0.986572265664981	0.99873305114663	1	145
transcript:at5g55835	0	0	0	0	0	NA	NA	NA	1	1	1	238
transcript:at5g08800	0	0	0	0	0	NA	NA	NA	1	1	1	238
transcript:at5g58465	0	0	0	0	0	NA	NA	NA	1	1	1	238
transcript:at5g59505	0	0	0	0	0	NA	NA	NA	1	1	1	238
transcript:at5g08925	0	0	0	0	0	NA	NA	NA	1	1	1	238
transcript:at5g60408	0	0	0	0	0	NA	NA	NA	1	1	1	238
transcript:at5g62162	0	0	0	0	0	NA	NA	NA	1	1	1	238
transcript:at5g62848	0	0	0	0	0	NA	NA	NA	1	1	1	238
transcript:at5g63715	0	0	0	0	0	NA	NA	NA	1	1	1	238
transcript:at5g66045	0	4	1	0	1.26250678363107	-2.01281272680378	3.19997476091199	-0.629008938254917	0.529343204551451	0.950670363942787	1	48.5
