WT_AGO1.1	WT_AGO1.2	ago1.1	ago1.2	baseMean	log2FC	lfcSE	stat	p.value	q.value	q.value_BH	ranking
transcript:at1g01046	7	7	4	11	7.32172255477407	-0.176105221677691	1.26114247081682	-0.1396394346815	0.888944881485999	0.978039095741903	1	135
transcript:at1g01183	0	0	0	0	0	NA	NA	NA	1	1	1	241
transcript:at1g04027	2	2	5	3	2.88991620299824	0.687989928997339	1.922498957477	0.357862315774789	0.720446353225621	0.971142371999155	1	96
transcript:at1g04393	0	1	1	0	0.484609849389603	-0.305297824811198	4.97251499057483	-0.0613970647428667	0.951042989947488	0.978039095741903	1	148
transcript:at1g04423	0	2	1	4	1.69247700466458	1.08551267215815	2.69451595517969	0.402859990519431	0.687051225882518	0.971142371999155	1	93
transcript:at1g07051	0	0	0	0	0	NA	NA	NA	1	1	1	241
transcript:at1g11735	2	2	1	0	1.32346509161872	-2.31437991329532	3.05425061019937	-0.757757043762772	0.448596442575649	0.971142371999155	1	51
transcript:at1g12294	2	0	2	0	1.00098737092298	-0.385711498387533	3.60867352690261	-0.106884564511602	0.91488055877085	0.978039095741903	1	139
transcript:at1g04993	0	0	0	0	0	NA	NA	NA	1	1	1	241
transcript:at1g14071	9	6	2	6	6.01781064166582	-1.19029281469874	1.40432187763597	-0.847592588034359	0.396664903600862	0.971142371999155	1	45
transcript:at1g18075	6	6	9	7	6.90684567020452	0.109593225937373	1.25824412056712	0.0871001295742016	0.930591922393305	0.978039095741903	1	142
transcript:at1g18879	0	0	0	0	0	NA	NA	NA	1	1	1	241
transcript:at1g19371	2	2	0	0	1.10788443225757	-3.74270872070424	3.45043817031141	-1.08470534348582	0.278052180467294	0.971142371999155	1	33
transcript:at1g19464	0	2	0	0	0.538058380056898	-2.70468673447335	4.89511410676054	-0.552527821718795	0.580586778266822	0.971142371999155	1	71.5
transcript:at1g20375	1	0	0	0	0.284913026100336	-1.7719651886198	4.99245858563522	-0.354928370105717	0.722643254104617	0.971142371999155	1	99.5
transcript:at1g05627	0	0	0	0	0	NA	NA	NA	1	1	1	241
transcript:at1g21202	0	0	0	0	0	NA	NA	NA	1	1	1	241
transcript:at1g05637	0	0	0	0	0	NA	NA	NA	1	1	1	241
transcript:at1g26973	0	0	0	0	0	NA	NA	NA	1	1	1	241
transcript:at1g26975	0	0	0	0	0	NA	NA	NA	1	1	1	241
transcript:at1g26985	0	1	0	0	0.269029190028449	-1.73021386495925	4.99538716874552	-0.346362315174413	0.729070442503459	0.971142371999155	1	107
transcript:at1g29265	0	0	0	0	0	NA	NA	NA	1	1	1	241
transcript:at1g31173	30	28	32	49	34.4795542776336	0.192658953271507	0.603749868551781	0.319103925825507	0.749647706792895	0.971142371999155	1	114
transcript:at1g31358	0	0	0	0	0	NA	NA	NA	1	1	1	241
transcript:at1g06523	0	0	0	0	0	NA	NA	NA	1	1	1	241
transcript:at1g32582	2	1	0	0	0.838855242229121	-3.3400132865119	3.87809881749323	-0.861250175329687	0.389100270750171	0.971142371999155	1	42.5
transcript:at1g06597	7	2	0	0	2.53244956275925	-4.93330078530053	2.57771935400542	-1.91382385271494	0.0556426666528588	0.751347349725689	1	11
transcript:at1g32713	0	0	0	0	0	NA	NA	NA	1	1	1	241
transcript:at1g06623	0	0	0	0	0	NA	NA	NA	1	1	1	241
transcript:at1g32992	0	0	0	0	0	NA	NA	NA	1	1	1	241
transcript:at1g06643	453	495	606	685	553.652931008862	0.151674608653747	0.205814376466353	0.736948561406951	0.461153631020967	0.971142371999155	1	52
transcript:at1g06647	483	547	652	719	594.08667270856	0.118706305267796	0.200912677763344	0.590835315069666	0.554630770273505	0.971142371999155	1	63
transcript:at1g06653	0	0	0	0	0	NA	NA	NA	1	1	1	241
transcript:at1g06903	0	0	0	0	0	NA	NA	NA	1	1	1	241
transcript:at1g35501	0	0	0	0	0	NA	NA	NA	1	1	1	241
transcript:at1g07137	0	0	1	6	1.62383760723095	3.9913122116251	3.03073876491628	1.31694366331681	0.187857509169764	0.971142371999155	1	23.5
transcript:at1g07243	1	0	1	0	0.50049368546149	-0.346666634824632	4.91012511570001	-0.0706024035347233	0.943714197444746	0.978039095741903	1	146
transcript:at1g07283	0	0	0	0	0	NA	NA	NA	1	1	1	241
transcript:at1g07357	0	0	0	0	0	NA	NA	NA	1	1	1	241
transcript:at1g48267	6	2	0	0	2.24753653665891	-4.76129678361057	2.67499551896658	-1.7799270129058	0.0750879062161591	0.780914224648054	1	15
transcript:at1g48742	0	0	0	0	0	NA	NA	NA	1	1	1	241
transcript:at1g07613	15	3	12	15	11.1883932435987	0.269565797257452	1.08982131596674	0.247348618813104	0.804638435073751	0.971142371999155	1	123
transcript:at1g07633	0	2	0	0	0.538058380056898	-2.70468673447335	4.89511410676054	-0.552527821718795	0.580586778266822	0.971142371999155	1	71.5
transcript:at1g07727	0	0	0	0	0	NA	NA	NA	1	1	1	241
transcript:at1g52185	0	0	0	2	0.469418982623265	2.19895499332972	4.88830017440327	0.449840417911356	0.652825511998417	0.971142371999155	1	83.5
transcript:at1g07867	51	43	137	212	105.391781992885	1.60310369395102	0.401624652034193	3.9915470473026	6.56436619032839e-05	0.00512020562845615	0.0106670950592836	2
transcript:at1g53683	0	0	0	0	0	NA	NA	NA	1	1	1	241
transcript:at1g53687	0	0	0	0	0	NA	NA	NA	1	1	1	241
transcript:at1g08053	0	0	0	0	0	NA	NA	NA	1	1	1	241
transcript:at1g55591	0	0	0	0	0	NA	NA	NA	1	1	1	241
transcript:at1g08157	0	0	0	0	0	NA	NA	NA	1	1	1	241
transcript:at1g08163	0	0	0	0	0	NA	NA	NA	1	1	1	241
transcript:at1g08287	0	6	4	4	3.41533574286184	0.150303450994601	1.95716488919712	0.0767965192019461	0.93878541983701	0.978039095741903	1	145
transcript:at1g60025	0	0	0	0	0	NA	NA	NA	1	1	1	241
transcript:at1g60072	0	0	0	0	0	NA	NA	NA	1	1	1	241
transcript:at1g60073	0	0	0	0	0	NA	NA	NA	1	1	1	241
transcript:at1g08303	0	0	0	0	0	NA	NA	NA	1	1	1	241
transcript:at1g08337	0	0	0	0	0	NA	NA	NA	1	1	1	241
transcript:at1g08343	0	0	0	0	0	NA	NA	NA	1	1	1	241
transcript:at1g61224	0	2	1	1	0.988348530729684	-0.26517783777411	3.35563904528644	-0.0790245417326983	0.937013102622797	0.978039095741903	1	144
transcript:at1g61226	0	2	0	0	0.538058380056898	-2.70468673447335	4.89511410676054	-0.552527821718795	0.580586778266822	0.971142371999155	1	71.5
transcript:at1g61732	0	0	0	0	0	NA	NA	NA	1	1	1	241
transcript:at1g62035	2	1	0	0	0.838855242229121	-3.3400132865119	3.87809881749323	-0.861250175329687	0.389100270750171	0.971142371999155	1	42.5
transcript:at1g62355	4	8	7	6	6.20920718802681	-0.176357241340055	1.33484357439759	-0.132118283162613	0.894890734805399	0.978039095741903	1	136
transcript:at1g63005	0	0	0	0	0	NA	NA	NA	1	1	1	241
transcript:at1g08597	55	68	175	143	105.254274003218	1.06930977332622	0.361863788554003	2.95500629559854	0.00312662670676807	0.16258458875194	0.338717893233208	3
transcript:at1g08783	0	0	0	0	0	NA	NA	NA	1	1	1	241
transcript:at1g08793	0	1	1	3	1.1887383233245	1.73822288893579	3.19464173709775	0.544105734533764	0.586368714514881	0.971142371999155	1	76
transcript:at1g08813	2	1	0	0	0.838855242229121	-3.3400132865119	3.87809881749323	-0.861250175329687	0.389100270750171	0.971142371999155	1	42.5
transcript:at1g66725	33	36	61	57	45.6160419281287	0.474751297711743	0.513681725731254	0.924212939512123	0.355375459981569	0.971142371999155	1	39
transcript:at1g66783	0	0	1	1	0.450290150672786	2.14409108523357	4.89226974947883	0.438261010742913	0.661197086004722	0.971142371999155	1	87.5
transcript:at1g66795	0	0	0	1	0.234709491311632	1.18720349768055	4.99009804348832	0.237911858110634	0.811949458110768	0.971142371999155	1	125.5
transcript:at1g67195	125	166	116	120	133.445469250554	-0.595452643370268	0.328032241734863	-1.81522596748752	0.0694891906557168	0.774308124449415	1	14
transcript:at1g67481	0	0	0	0	0	NA	NA	NA	1	1	1	241
transcript:at1g69792	0	0	0	0	0	NA	NA	NA	1	1	1	241
transcript:at1g69795	0	1	0	0	0.269029190028449	-1.73021386495925	4.99538716874552	-0.346362315174413	0.729070442503459	0.971142371999155	1	107
transcript:at1g69797	0	0	0	0	0	NA	NA	NA	1	1	1	241
transcript:at1g70645	0	0	1	1	0.450290150672786	2.14409108523357	4.89226974947883	0.438261010742913	0.661197086004722	0.971142371999155	1	87.5
transcript:at1g09213	0	0	0	0	0	NA	NA	NA	1	1	1	241
transcript:at1g71002	0	0	0	0	0	NA	NA	NA	1	1	1	241
transcript:at1g73687	2	0	0	0	0.569826052200672	-2.77991760075469	4.88956672196527	-0.568540682401682	0.569667889666865	0.971142371999155	1	65
transcript:at1g09473	32	40	44	39	38.5176036093931	-0.0933131802639759	0.555312205844741	-0.168037329779251	0.866553911688367	0.978039095741903	1	133
transcript:at1g76062	20	18	28	22	21.740653213487	0.0889475545888143	0.728509481205305	0.122095260094148	0.902823575692364	0.978039095741903	1	137
transcript:at1g76135	2	2	0	0	1.10788443225757	-3.74270872070424	3.45043817031141	-1.08470534348582	0.278052180467294	0.971142371999155	1	33
transcript:at1g09687	39	27	20	39	31.840679497058	-0.450824103272485	0.652982338758113	-0.690407805102192	0.489937769765463	0.971142371999155	1	55
transcript:at1g77235	2	0	0	0	0.569826052200672	-2.77991760075469	4.88956672196527	-0.568540682401682	0.569667889666865	0.971142371999155	1	65
transcript:at1g78206	4	3	3	3	3.29761012650505	-0.526393646571421	1.79168423247153	-0.293798224615334	0.768912091801266	0.971142371999155	1	117
transcript:at1g78478	5	6	6	1	4.56693371815093	-0.982483131248015	1.60737404217149	-0.611234912018812	0.541044073831722	0.971142371999155	1	58
transcript:at1g09817	0	0	0	0	0	NA	NA	NA	1	1	1	241
transcript:at2g03855	24	26	25	21	24.1510873687209	-0.422423085265308	0.690746093134251	-0.611546108568736	0.540838103080846	0.971142371999155	1	57
transcript:at2g02741	5	13	6	4	7.15426652228497	-1.14095404617802	1.28239332082849	-0.889706790925039	0.373623346637599	0.971142371999155	1	40
transcript:at2g03445	0	0	0	0	0	NA	NA	NA	1	1	1	241
transcript:at2g04935	0	0	0	0	0	NA	NA	NA	1	1	1	241
transcript:at2g05415	0	0	0	0	0	NA	NA	NA	1	1	1	241
transcript:at2g05455	0	0	0	1	0.234709491311632	1.18720349768055	4.99009804348832	0.237911858110634	0.811949458110768	0.971142371999155	1	125.5
transcript:at2g10606	0	3	1	2	1.49208721206977	-0.24799563053144	2.80839974434863	-0.0883049612258666	0.929634295874254	0.978039095741903	1	141
transcript:at2g05605	0	0	0	0	0	NA	NA	NA	1	1	1	241
transcript:at2g05615	0	0	0	0	0	NA	NA	NA	1	1	1	241
transcript:at2g05815	1	0	0	1	0.519622517411968	-0.2854448779377	4.83898191764654	-0.0589886225647497	0.952961170210059	0.978039095741903	1	151.5
transcript:at2g16145	0	0	0	0	0	NA	NA	NA	1	1	1	241
transcript:at2g06665	0	0	0	0	0	NA	NA	NA	1	1	1	241
transcript:at2g07195	0	1	0	1	0.503738681340081	-0.243994819293451	4.89781495859286	-0.0498170758504014	0.960268159017363	0.978548258752205	1	153
transcript:at2g19425	0	0	0	0	0	NA	NA	NA	1	1	1	241
transcript:at2g07205	0	0	0	0	0	NA	NA	NA	1	1	1	241
transcript:at2g07315	0	0	0	0	0	NA	NA	NA	1	1	1	241
transcript:at2g22496	0	3	0	3	1.51121604402024	-0.212223997250184	3.03288547710503	-0.0699742864846836	0.944214125870553	0.978039095741903	1	147
transcript:at2g22668	0	1	0	0	0.269029190028449	-1.73021386495925	4.99538716874552	-0.346362315174413	0.729070442503459	0.971142371999155	1	107
transcript:at2g07895	0	0	0	0	0	NA	NA	NA	1	1	1	241
transcript:at2g23347	2	4	0	7	3.28890925149589	-0.0134236193498466	2.03023903252418	-0.0066118418249289	0.994724551926759	0.994724551926759	1	156
transcript:at2g07915	0	0	0	0	0	NA	NA	NA	1	1	1	241
transcript:at2g07910	0	0	0	0	0	NA	NA	NA	1	1	1	241
transcript:at2g24103	0	0	0	0	0	NA	NA	NA	1	1	1	241
transcript:at2g08015	0	0	0	0	0	NA	NA	NA	1	1	1	241
transcript:at2g08035	0	0	0	0	0	NA	NA	NA	1	1	1	241
transcript:at2g25011	0	0	0	0	0	NA	NA	NA	1	1	1	241
transcript:at2g25095	1	7	5	1	3.48073014441688	-0.720968674123381	1.87354990947842	-0.384814234451908	0.700375052186663	0.971142371999155	1	94
transcript:at2g25171	0	0	0	0	0	NA	NA	NA	1	1	1	241
transcript:at2g26211	1	1	3	2	1.67010317683551	1.01253230058173	2.50596405418492	0.404049012151959	0.686176678110196	0.971142371999155	1	92
transcript:at2g28056	0	0	0	0	0	NA	NA	NA	1	1	1	241
transcript:at2g08235	28	25	55	33	34.305643959668	0.417389130989089	0.601768123782688	0.693604587038276	0.487930216305533	0.971142371999155	1	54
transcript:at2g08275	0	0	0	0	0	NA	NA	NA	1	1	1	241
transcript:at2g32273	0	0	0	0	0	NA	NA	NA	1	1	1	241
transcript:at2g32698	0	0	0	0	0	NA	NA	NA	1	1	1	241
transcript:at2g08555	16	13	6	9	11.4618572659468	-1.24494899464297	1.01273882123772	-1.22928929802597	0.218963358349158	0.971142371999155	1	27
transcript:at2g34202	0	2	7	16	5.80247485657109	3.26604917739646	1.72147171878269	1.89724242446806	0.0577959499788991	0.751347349725689	1	12
transcript:at2g34204	0	0	0	0	0	NA	NA	NA	1	1	1	241
transcript:at2g34208	0	0	0	0	0	NA	NA	NA	1	1	1	241
transcript:at2g08855	2	0	1	0	0.785406711561826	-1.35219740902774	4.05789484606116	-0.333226330480266	0.738963443967813	0.971142371999155	1	113
transcript:at2g38325	0	0	0	0	0	NA	NA	NA	1	1	1	241
transcript:at2g39175	1	0	0	0	0.284913026100336	-1.7719651886198	4.99245858563522	-0.354928370105717	0.722643254104617	0.971142371999155	1	99.5
transcript:at2g09080	0	0	0	0	0	NA	NA	NA	1	1	1	241
transcript:at2g39885	0	0	0	2	0.469418982623265	2.19895499332972	4.88830017440327	0.449840417911356	0.652825511998417	0.971142371999155	1	83.5
transcript:at2g09120	0	0	0	0	0	NA	NA	NA	1	1	1	241
transcript:at2g09150	2	1	0	0	0.838855242229121	-3.3400132865119	3.87809881749323	-0.861250175329687	0.389100270750171	0.971142371999155	1	42.5
transcript:at2g40805	0	0	0	0	0	NA	NA	NA	1	1	1	241
transcript:at2g41616	0	0	0	0	0	NA	NA	NA	1	1	1	241
transcript:at2g09340	15	10	26	64	27.590491879124	1.56647051025522	0.741411540366278	2.11282186069203	0.0346160178615943	0.675012348301088	1	8
transcript:at2g09670	4	0	1	4	2.29407072900903	0.0202712767435296	2.36654232365393	0.00856577824149405	0.993165581366415	0.994724551926759	1	155
transcript:at2g46255	0	0	0	0	0	NA	NA	NA	1	1	1	241
transcript:at2g46685	5	2	1	2	2.647623152543	-1.52246243464943	2.06843875144745	-0.736044242830027	0.461703773260988	0.971142371999155	1	53
transcript:at2g47015	34	36	39	22	32.9433482523765	-0.510763981679747	0.612025259459907	-0.834547224620239	0.403972687411897	0.971142371999155	1	46
transcript:at2g47275	0	0	0	0	0	NA	NA	NA	1	1	1	241
transcript:at2g47585	0	0	0	0	0	NA	NA	NA	1	1	1	241
transcript:at2g09995	0	0	0	0	0	NA	NA	NA	1	1	1	241
transcript:at3g04765	0	1	0	0	0.269029190028449	-1.73021386495925	4.99538716874552	-0.346362315174413	0.729070442503459	0.971142371999155	1	107
transcript:at3g09285	0	0	0	0	0	NA	NA	NA	1	1	1	241
transcript:at3g10745	0	2	0	1	0.77276787136853	-1.22541148379993	4.08258208179411	-0.30015599423329	0.764058169807046	0.971142371999155	1	116
transcript:at3g11435	0	0	0	0	0	NA	NA	NA	1	1	1	241
transcript:at3g13405	4	5	2	0	2.9159593732659	-2.50351434514671	2.15466097795136	-1.16190638377228	0.245273493771102	0.971142371999155	1	29
transcript:at3g13724	1	1	0	0	0.553942216128785	-2.7426966564235	4.61134668161659	-0.59477129909955	0.551996354946776	0.971142371999155	1	60.5
transcript:at3g14385	0	2	0	0	0.538058380056898	-2.70468673447335	4.89511410676054	-0.552527821718795	0.580586778266822	0.971142371999155	1	71.5
transcript:at3g03235	0	0	0	0	0	NA	NA	NA	1	1	1	241
transcript:at3g03245	0	0	0	0	0	NA	NA	NA	1	1	1	241
transcript:at3g03255	0	0	0	0	0	NA	NA	NA	1	1	1	241
transcript:at3g03625	0	4	3	0	1.72285873819726	-0.729614014888566	2.87284413597389	-0.253969230614464	0.799519329299735	0.971142371999155	1	121
transcript:at3g18217	4	10	4	15	8.21290901180493	0.186144828238188	1.24620743135414	0.149369056510858	0.881262427113826	0.978039095741903	1	134
transcript:at3g18827	0	0	0	0	0	NA	NA	NA	1	1	1	241
transcript:at3g18895	0	0	0	0	0	NA	NA	NA	1	1	1	241
transcript:at3g22886	9	7	2	0	4.87858288382447	-3.33512306830132	1.80292805576768	-1.84983702351963	0.0643370428917918	0.772044514701502	1	13
transcript:at3g23125	0	0	0	0	0	NA	NA	NA	1	1	1	241
transcript:at3g23326	3	0	0	2	1.32415806092427	-0.870585658520046	3.21932891184583	-0.270424576785753	0.786833634662526	0.971142371999155	1	119
transcript:at3g04655	0	0	0	0	0	NA	NA	NA	1	1	1	241
transcript:at3g26812	2	2	0	0	1.10788443225757	-3.74270872070424	3.45043817031141	-1.08470534348582	0.278052180467294	0.971142371999155	1	33
transcript:at3g26813	0	0	0	0	0	NA	NA	NA	1	1	1	241
transcript:at3g26815	0	0	0	2	0.469418982623265	2.19895499332972	4.88830017440327	0.449840417911356	0.652825511998417	0.971142371999155	1	83.5
transcript:at3g26816	0	0	0	0	0	NA	NA	NA	1	1	1	241
transcript:at3g26818	0	0	5	4	2.0167412620523	4.30781233771059	2.73585315841015	1.57457732132595	0.115354041015018	0.971142371999155	1	18
transcript:at3g26819	0	0	2	0	0.431161318722308	2.0874649670121	4.89652462874115	0.426315626956984	0.669877872436322	0.971142371999155	1	89.5
transcript:at3g05515	0	0	0	0	0	NA	NA	NA	1	1	1	241
transcript:at3g05985	0	0	0	0	0	NA	NA	NA	1	1	1	241
transcript:at3g06345	124	104	121	49	100.89427585637	-0.750228794976135	0.585620927591799	-1.28108262466172	0.200164646148307	0.971142371999155	1	26
transcript:at3g06445	0	0	0	2	0.469418982623265	2.19895499332972	4.88830017440327	0.449840417911356	0.652825511998417	0.971142371999155	1	83.5
transcript:at3g06595	0	0	0	0	0	NA	NA	NA	1	1	1	241
transcript:at3g44444	0	0	0	0	0	NA	NA	NA	1	1	1	241
transcript:at3g07065	0	0	0	0	0	NA	NA	NA	1	1	1	241
transcript:at3g07095	0	0	0	0	0	NA	NA	NA	1	1	1	241
transcript:at3g07515	0	2	0	0	0.538058380056898	-2.70468673447335	4.89511410676054	-0.552527821718795	0.580586778266822	0.971142371999155	1	71.5
transcript:at3g07685	0	0	0	0	0	NA	NA	NA	1	1	1	241
transcript:at3g07695	0	0	0	0	0	NA	NA	NA	1	1	1	241
transcript:at3g07755	0	0	0	0	0	NA	NA	NA	1	1	1	241
transcript:at3g48057	0	0	0	0	0	NA	NA	NA	1	1	1	241
transcript:at3g48201	0	2	0	2	1.00747736268016	-0.213227010943097	3.59959984545907	-0.0592363096170496	0.952763889514252	0.978039095741903	1	150
transcript:at3g08150	0	0	0	1	0.234709491311632	1.18720349768055	4.99009804348832	0.237911858110634	0.811949458110768	0.971142371999155	1	125.5
transcript:at3g51375	0	0	1	0	0.215580659361154	1.12529854652185	4.9943810207685	0.225312915022391	0.821735853230054	0.971142371999155	1	130
transcript:at3g08285	0	0	0	0	0	NA	NA	NA	1	1	1	241
transcript:at3g53015	0	0	0	0	0	NA	NA	NA	1	1	1	241
transcript:at3g53016	0	0	0	0	0	NA	NA	NA	1	1	1	241
transcript:at3g55512	0	0	0	0	0	NA	NA	NA	1	1	1	241
transcript:at3g55734	0	3	0	0	0.807087570085346	-3.2892100563962	4.31713560383512	-0.76189639571994	0.446121841337631	0.971142371999155	1	50
transcript:at3g59884	5	3	4	7	4.73694177721307	0.166163972172315	1.52716618828579	0.108805428935557	0.913356817719102	0.978039095741903	1	138
transcript:at3g09515	1	0	0	0	0.284913026100336	-1.7719651886198	4.99245858563522	-0.354928370105717	0.722643254104617	0.971142371999155	1	99.5
transcript:at3g09615	7	4	2	5	4.67521671809662	-0.940713210816975	1.5626559072313	-0.601996387345261	0.547176542156865	0.971142371999155	1	59
transcript:at3g61897	4	8	9	5	6.40565901543748	-0.0801275703019219	1.32370939760402	-0.0605325991089561	0.951731453109986	0.978039095741903	1	149
transcript:at3g63375	9	8	1	1	5.1667409058034	-3.38973421017321	1.70683558693382	-1.98597582340228	0.0470360084799582	0.751347349725689	1	9
transcript:at4g00885	0	0	0	0	0	NA	NA	NA	1	1	1	241
transcript:at4g04095	0	0	0	0	0	NA	NA	NA	1	1	1	241
transcript:at4g04125	733	972	3875	3769	2190.33274861721	1.87021764009068	0.169173521333468	11.0550257826943	2.07277268331328e-28	3.23352538596871e-26	6.73651122076814e-26	1
transcript:at4g03039	0	0	0	0	0	NA	NA	NA	1	1	1	241
transcript:at4g04365	0	0	0	0	0	NA	NA	NA	1	1	1	241
transcript:at4g03438	1	1	0	1	0.788651707440417	-1.26476504439786	3.7471996427288	-0.337522727632636	0.735722882111169	0.971142371999155	1	112
transcript:at4g03445	16	6	5	2	7.7201058372051	-1.98604471835149	1.3018230713717	-1.52558727988961	0.127112681957186	0.971142371999155	1	19
transcript:at4g03455	0	0	0	2	0.469418982623265	2.19895499332972	4.88830017440327	0.449840417911356	0.652825511998417	0.971142371999155	1	83.5
transcript:at4g04825	0	1	0	0	0.269029190028449	-1.73021386495925	4.99538716874552	-0.346362315174413	0.729070442503459	0.971142371999155	1	107
transcript:at4g04835	0	0	1	6	1.62383760723095	3.9913122116251	3.03073876491628	1.31694366331681	0.187857509169764	0.971142371999155	1	23.5
transcript:at4g05105	0	0	0	0	0	NA	NA	NA	1	1	1	241
transcript:at4g05508	0	0	0	0	0	NA	NA	NA	1	1	1	241
transcript:at4g05305	0	0	0	0	0	NA	NA	NA	1	1	1	241
transcript:at4g08116	0	0	0	0	0	NA	NA	NA	1	1	1	241
transcript:at4g05415	0	0	0	0	0	NA	NA	NA	1	1	1	241
transcript:at4g05455	0	0	0	0	0	NA	NA	NA	1	1	1	241
transcript:at4g10345	0	0	0	0	0	NA	NA	NA	1	1	1	241
transcript:at4g05800	0	0	0	0	0	NA	NA	NA	1	1	1	241
transcript:at4g05855	0	0	0	0	0	NA	NA	NA	1	1	1	241
transcript:at4g05860	0	0	0	0	0	NA	NA	NA	1	1	1	241
transcript:at4g05925	0	0	0	0	0	NA	NA	NA	1	1	1	241
transcript:at4g05930	0	0	0	0	0	NA	NA	NA	1	1	1	241
transcript:at4g06075	1	0	5	0	1.36281632290611	1.94585510749841	3.29237842814804	0.591018058818029	0.554508321059908	0.971142371999155	1	62
transcript:at4g13493	34	32	37	29	33.0790366127218	-0.306287969013859	0.597085848805556	-0.512971408762366	0.607971320682581	0.971142371999155	1	78
transcript:at4g13494	24	31	44	32	32.174070251153	0.163526127841565	0.609276576547402	0.268393918519273	0.788396120168395	0.971142371999155	1	120
transcript:at4g13554	1	2	11	3	3.89848713306483	1.90096813918249	1.79902399340028	1.05666636251444	0.290663881833241	0.971142371999155	1	36
transcript:at4g13555	0	0	4	2	1.33174162006788	3.71023499550688	3.20116350810031	1.15902701818211	0.24644517219805	0.971142371999155	1	30
transcript:at4g06110	1	6	0	0	1.89908816627103	-4.52304795131804	2.87031918895664	-1.57579964232555	0.115071984868581	0.971142371999155	1	17
transcript:at4g13564	0	1	0	0	0.269029190028449	-1.73021386495925	4.99538716874552	-0.346362315174413	0.729070442503459	0.971142371999155	1	107
transcript:at4g06130	0	4	0	0	1.0761167601138	-3.7041835200505	3.8433799009912	-0.963782820193028	0.335154821614901	0.971142371999155	1	37.5
transcript:at4g14504	5	4	4	1	3.59771401937172	-1.17895107308828	1.77649007077157	-0.663640676908616	0.506920316278202	0.971142371999155	1	56
transcript:at4g06260	0	2	2	0	0.969219698779206	-0.316263980264506	3.65402621020549	-0.0865521925872339	0.931027468010214	0.978039095741903	1	143
transcript:at4g14811	0	0	0	0	0	NA	NA	NA	1	1	1	241
transcript:at4g17788	4	4	3	0	2.8625108425986	-1.75873412670481	2.11795513935018	-0.830392530053502	0.40631688765032	0.971142371999155	1	47
transcript:at4g06865	1	1	2	3	1.68923200878599	1.03343427727984	2.49776581284514	0.41374346304415	0.679061993035211	0.971142371999155	1	91
transcript:at4g19395	3	3	0	4	2.60066461363288	-0.83602666896328	2.20131121103277	-0.379785768033702	0.704104447674391	0.971142371999155	1	95
transcript:at4g06915	0	0	0	0	0	NA	NA	NA	1	1	1	241
transcript:at4g07000	0	0	0	0	0	NA	NA	NA	1	1	1	241
transcript:at4g07005	0	0	0	0	0	NA	NA	NA	1	1	1	241
transcript:at4g21362	0	0	0	0	0	NA	NA	NA	1	1	1	241
transcript:at4g21595	0	0	0	0	0	NA	NA	NA	1	1	1	241
transcript:at4g07080	0	0	3	6	2.05499892595326	4.33272442114855	2.73108937218278	1.58644549141418	0.112638287859899	0.971142371999155	1	16
transcript:at4g07100	0	1	0	0	0.269029190028449	-1.73021386495925	4.99538716874552	-0.346362315174413	0.729070442503459	0.971142371999155	1	107
transcript:at4g23375	0	0	0	0	0	NA	NA	NA	1	1	1	241
transcript:at4g23387	0	0	0	0	0	NA	NA	NA	1	1	1	241
transcript:at4g23713	1	0	0	0	0.284913026100336	-1.7719651886198	4.99245858563522	-0.354928370105717	0.722643254104617	0.971142371999155	1	99.5
transcript:at4g24415	11	16	43	47	27.7398247717352	1.44589433906186	0.674021293433088	2.14517605474641	0.0319387733665868	0.675012348301088	1	7
transcript:at4g07565	0	0	0	0	0	NA	NA	NA	1	1	1	241
transcript:at4g27765	1	1	0	0	0.553942216128785	-2.7426966564235	4.61134668161659	-0.59477129909955	0.551996354946776	0.971142371999155	1	60.5
transcript:at4g08335	20	14	20	21	18.7051816871724	-0.0336283504966345	0.788988356050672	-0.0426221125302321	0.966002768255382	0.978548258752205	1	154
transcript:at4g30972	0	0	0	0	0	NA	NA	NA	1	1	1	241
transcript:at4g31877	2	2	2	0	1.53904575097988	-1.34535232506716	2.76602169497139	-0.486385311985443	0.626694002487124	0.971142371999155	1	80
transcript:at4g32445	0	2	0	0	0.538058380056898	-2.70468673447335	4.89511410676054	-0.552527821718795	0.580586778266822	0.971142371999155	1	71.5
transcript:at4g09735	0	0	0	0	0	NA	NA	NA	1	1	1	241
transcript:at4g09925	66	95	98	127	95.2970427892952	0.197004732551046	0.391530721967113	0.503165451643902	0.61484795256699	0.971142371999155	1	79
transcript:at5g01747	3	3	0	0	1.66182664838635	-4.3276793315415	2.94878537269343	-1.46761421554007	0.142209044377276	0.971142371999155	1	20
transcript:at5g02035	0	0	0	0	0	NA	NA	NA	1	1	1	241
transcript:at5g03552	46	36	38	36	39.4326567845822	-0.452813002878328	0.554956915846378	-0.815942625361703	0.414532951391905	0.971142371999155	1	48
transcript:at5g04275	0	0	0	0	0	NA	NA	NA	1	1	1	241
transcript:at5g08185	6	3	5	3	4.29859749742803	-0.492619155557283	1.5980412561092	-0.308264354048455	0.757881187503277	0.971142371999155	1	115
transcript:at5g08210	28	55	38	43	41.0587433644981	-0.319718452101769	0.568569254004154	-0.562321036268052	0.57389730826319	0.971142371999155	1	67
transcript:at5g08712	1	0	0	1	0.519622517411968	-0.2854448779377	4.83898191764654	-0.0589886225647497	0.952961170210059	0.978039095741903	1	151.5
transcript:at5g08717	0	0	0	0	0	NA	NA	NA	1	1	1	241
transcript:at5g01735	0	0	0	0	0	NA	NA	NA	1	1	1	241
transcript:at5g01745	0	0	0	1	0.234709491311632	1.18720349768055	4.99009804348832	0.237911858110634	0.811949458110768	0.971142371999155	1	125.5
transcript:at5g01755	0	0	0	0	0	NA	NA	NA	1	1	1	241
transcript:at5g10945	0	2	0	0	0.538058380056898	-2.70468673447335	4.89511410676054	-0.552527821718795	0.580586778266822	0.971142371999155	1	71.5
transcript:at5g01915	15	19	20	11	16.2786675936966	-0.442936396512411	0.847889748019612	-0.522398575459796	0.601392847650084	0.971142371999155	1	77
transcript:at5g11977	1	0	0	0	0.284913026100336	-1.7719651886198	4.99245858563522	-0.354928370105717	0.722643254104617	0.971142371999155	1	99.5
transcript:at5g13887	3	0	0	0	0.854739078301008	-3.36514941772292	4.22035369476529	-0.797361941937918	0.42524085565093	0.971142371999155	1	49
transcript:at5g14545	38	38	6	20	27.0374779952934	-1.82272573647949	0.742757148970211	-2.45399958654937	0.0141277143892125	0.440784688943428	0.918301435298809	5
transcript:at5g14565	0	2	3	13	4.23602374519158	2.75876846317439	1.93902697179305	1.42275920000397	0.154805972573165	0.971142371999155	1	22
transcript:at5g15833	0	0	0	2	0.469418982623265	2.19895499332972	4.88830017440327	0.449840417911356	0.652825511998417	0.971142371999155	1	83.5
transcript:at5g03145	0	0	0	0	0	NA	NA	NA	1	1	1	241
transcript:at5g03225	0	0	0	0	0	NA	NA	NA	1	1	1	241
transcript:at5g03265	1	2	5	9	4.0132601247677	1.94756866635793	1.75483972106546	1.10982709302674	0.267073542072894	0.971142371999155	1	31
transcript:at5g03305	0	0	0	0	0	NA	NA	NA	1	1	1	241
transcript:at5g03425	0	1	0	0	0.269029190028449	-1.73021386495925	4.99538716874552	-0.346362315174413	0.729070442503459	0.971142371999155	1	107
transcript:at5g03475	4	12	6	0	5.66148634090965	-1.74252775400415	1.61862754889232	-1.07654645764347	0.281682935283014	0.971142371999155	1	35
transcript:at5g23065	0	0	1	0	0.215580659361154	1.12529854652185	4.9943810207685	0.225312915022391	0.821735853230054	0.971142371999155	1	130
transcript:at5g24825	0	0	0	0	0	NA	NA	NA	1	1	1	241
transcript:at5g04145	0	0	0	0	0	NA	NA	NA	1	1	1	241
transcript:at5g26038	72	94	187	181	128.59848296984	0.853035228509606	0.332216694037567	2.56770729412275	0.0102373559362904	0.399256881515326	0.831785169823595	4
transcript:at5g26147	0	0	0	0	0	NA	NA	NA	1	1	1	241
transcript:at5g04255	0	0	1	0	0.215580659361154	1.12529854652185	4.9943810207685	0.225312915022391	0.821735853230054	0.971142371999155	1	130
transcript:at5g04415	176	140	302	490	267.92178906741	1.0363966132079	0.455034604668697	2.27762153158107	0.0227491365141984	0.591477549369159	1	6
transcript:at5g27807	2	4	0	0	1.64594281231447	-4.3151980758993	2.96870279741902	-1.45356351590699	0.146067358155291	0.971142371999155	1	21
transcript:at5g04915	0	0	0	0	0	NA	NA	NA	1	1	1	241
transcript:at5g04935	0	0	0	0	0	NA	NA	NA	1	1	1	241
transcript:at5g04955	0	0	0	0	0	NA	NA	NA	1	1	1	241
transcript:at5g04965	0	0	0	0	0	NA	NA	NA	1	1	1	241
transcript:at5g04975	0	0	0	0	0	NA	NA	NA	1	1	1	241
transcript:at5g04985	0	0	0	0	0	NA	NA	NA	1	1	1	241
transcript:at5g04995	0	0	0	0	0	NA	NA	NA	1	1	1	241
transcript:at5g05005	0	0	0	0	0	NA	NA	NA	1	1	1	241
transcript:at5g05035	0	0	0	0	0	NA	NA	NA	1	1	1	241
transcript:at5g35407	0	2	0	0	0.538058380056898	-2.70468673447335	4.89511410676054	-0.552527821718795	0.580586778266822	0.971142371999155	1	71.5
transcript:at5g05185	0	0	0	0	0	NA	NA	NA	1	1	1	241
transcript:at5g05315	0	0	0	0	0	NA	NA	NA	1	1	1	241
transcript:at5g05505	0	0	0	0	0	NA	NA	NA	1	1	1	241
transcript:at5g05915	0	0	0	0	0	NA	NA	NA	1	1	1	241
transcript:at5g39635	2	0	0	0	0.569826052200672	-2.77991760075469	4.88956672196527	-0.568540682401682	0.569667889666865	0.971142371999155	1	65
transcript:at5g39693	0	0	0	0	0	NA	NA	NA	1	1	1	241
transcript:at5g40384	0	0	0	0	0	NA	NA	NA	1	1	1	241
transcript:at5g06105	0	0	0	0	0	NA	NA	NA	1	1	1	241
transcript:at5g06175	0	0	0	0	0	NA	NA	NA	1	1	1	241
transcript:at5g41663	1	0	0	0	0.284913026100336	-1.7719651886198	4.99245858563522	-0.354928370105717	0.722643254104617	0.971142371999155	1	99.5
transcript:at5g41905	3	2	0	0	1.39279745835791	-4.07207159482755	3.15797010205035	-1.2894585645962	0.197238712561568	0.971142371999155	1	25
transcript:at5g43603	0	1	0	0	0.269029190028449	-1.73021386495925	4.99538716874552	-0.346362315174413	0.729070442503459	0.971142371999155	1	107
transcript:at5g06605	2	3	4	0	2.23923625973063	-0.664511076153187	2.34231936203555	-0.283697896590713	0.776641906810871	0.971142371999155	1	118
transcript:at5g45307	0	0	0	0	0	NA	NA	NA	1	1	1	241
transcript:at5g46845	2	5	1	0	2.13055266170407	-3.10422115657797	2.60173927273945	-1.19313306644652	0.232817263231328	0.971142371999155	1	28
transcript:at5g07055	0	0	0	0	0	NA	NA	NA	1	1	1	241
transcript:at5g07065	0	0	1	0	0.215580659361154	1.12529854652185	4.9943810207685	0.225312915022391	0.821735853230054	0.971142371999155	1	130
transcript:at5g07075	0	0	0	0	0	NA	NA	NA	1	1	1	241
transcript:at5g07655	0	0	0	0	0	NA	NA	NA	1	1	1	241
transcript:at5g50717	0	0	0	0	0	NA	NA	NA	1	1	1	241
transcript:at5g07875	0	0	0	0	0	NA	NA	NA	1	1	1	241
transcript:at5g52797	0	0	0	0	0	NA	NA	NA	1	1	1	241
transcript:at5g07965	21	17	24	29	22.5371808512957	0.182367749671773	0.722368504369509	0.252458057859188	0.800687029287938	0.971142371999155	1	122
transcript:at5g08255	1	1	2	0	0.985103534851093	-0.349663096941732	3.35985001236085	-0.104071043545196	0.917112969954373	0.978039095741903	1	140
transcript:at5g55835	0	0	0	0	0	NA	NA	NA	1	1	1	241
transcript:at5g08800	0	0	2	0	0.431161318722308	2.0874649670121	4.89652462874115	0.426315626956984	0.669877872436322	0.971142371999155	1	89.5
transcript:at5g58465	0	0	0	0	0	NA	NA	NA	1	1	1	241
transcript:at5g59505	0	0	0	0	0	NA	NA	NA	1	1	1	241
transcript:at5g08925	0	0	0	0	0	NA	NA	NA	1	1	1	241
transcript:at5g60408	0	0	1	0	0.215580659361154	1.12529854652185	4.9943810207685	0.225312915022391	0.821735853230054	0.971142371999155	1	130
transcript:at5g62162	0	0	5	7	2.7208697359872	4.73846791233346	2.47344307643913	1.91573760377585	0.0553985034326465	0.751347349725689	1	10
transcript:at5g62848	0	0	0	0	0	NA	NA	NA	1	1	1	241
transcript:at5g63715	0	0	0	0	0	NA	NA	NA	1	1	1	241
transcript:at5g66045	0	4	0	0	1.0761167601138	-3.7041835200505	3.8433799009912	-0.963782820193028	0.335154821614901	0.971142371999155	1	37.5
