WT_AGO1.1	WT_AGO1.2	deltaN.1	deltaN.2	baseMean	log2FC	lfcSE	stat	p.value	q.value	q.value_BH	ranking
transcript:AT1G04057.1	1	4	4	3	2.92582270143746	0.511731241993622	1.90002559138656	0.26932860500062	0.787676821559041	0.977839680860975	1	185
transcript:AT1G04425.1	59	41	27	60	46.5556909598411	-0.301980392196363	0.544155606583124	-0.554952275678212	0.578927304101296	0.977839680860975	1	111
transcript:AT1G10682.1	630	728	660	612	654.150028445955	-0.132605243200386	0.163830536998718	-0.809404923096989	0.418282271350025	0.977839680860975	1	66
transcript:AT1G11175.1	225	268	329	277	273.158729051637	0.265228938675468	0.232316493100176	1.1416707231419	0.253590914593604	0.977839680860975	1	32
transcript:AT1G11185.1	70	72	72	54	67.0902543700565	-0.209619025235778	0.428094489229591	-0.489655976681722	0.624377358761089	0.977839680860975	1	127
transcript:AT1G11592.2	0	2	1	2	1.17784197444857	0.617990945733662	3.04841821649051	0.202725119011106	0.839349888692113	0.977839680860975	1	201
transcript:AT1G11592.1	1	0	0	0	0.27741241815735	-1.58910229693005	4.98160849620146	-0.318993814576509	0.749731203213618	0.977839680860975	1	158.5
transcript:AT1G04867.1	0	0	0	0	0	NA	NA	NA	1	1	1	308.5
transcript:AT1G14518.1	1	3	0	0	0.966556939332236	-3.43249972067585	3.59760128755363	-0.954107875308759	0.340029040124499	0.977839680860975	1	51
transcript:AT1G15405.1	45	19	38	31	33.8509236672747	0.0208650015105341	0.643674090119046	0.0324154752083855	0.974140721541739	0.99678481497999	1	227
transcript:AT1G16635.1	6	8	2	0	4.02373921704963	-2.79181442935044	1.88367144642684	-1.48211326059344	0.138310160966534	0.977839680860975	1	14
transcript:AT1G05257.1	9	9	3	10	7.63466081029488	-0.559839605461098	1.21465097422494	-0.460905739460115	0.644866233807373	0.977839680860975	1	138
transcript:AT1G05353.1	16	10	10	10	11.6316735251917	-0.454259636464776	0.979242275119473	-0.463888914936147	0.642727335170494	0.977839680860975	1	137
transcript:AT1G18745.1	77	86	75	126	89.5054828825458	0.238681512945377	0.374443752877617	0.637429550128956	0.523845085370381	0.977839680860975	1	100
transcript:AT1G05463.1	26	42	41	39	36.4764052334675	0.21302744165374	0.557462018691672	0.382138037231131	0.702358979275943	0.977839680860975	1	150
transcript:AT1G19968.1	4	3	0	6	3.17171209734148	-0.367936813897187	1.98963113856719	-0.184927148939854	0.853286176463121	0.977839680860975	1	205
transcript:AT1G05547.1	2	0	0	0	0.5548248363147	-2.61467372072485	4.88382944116325	-0.535373675969749	0.592391489214146	0.977839680860975	1	118.5
transcript:AT1G21529.1	2	4	12	3	5.28941905948482	1.35515422711152	1.5100540531451	0.897421005750784	0.369494307871402	0.977839680860975	1	55
transcript:AT1G05697.1	0	0	0	0	0	NA	NA	NA	1	1	1	308.5
transcript:AT1G22403.2	3	8	7	6	5.86828482854602	0.247481762967004	1.35539490852931	0.18259015244165	0.855119611659638	0.977839680860975	1	206
transcript:AT1G22403.1	0	0	0	0	0	NA	NA	NA	1	1	1	308.5
transcript:AT1G23052.1	245	282	217	354	270.335523117201	0.0543264371391902	0.239323950522873	0.226999583704424	0.820424065875806	0.977839680860975	1	196
transcript:AT1G05813.1	0	0	0	0	0	NA	NA	NA	1	1	1	308.5
transcript:AT1G24068.1	0	0	4	0	1.043091969945	3.48240072188745	3.83127110557512	0.908941347643082	0.363381086629738	0.977839680860975	1	54
transcript:AT1G25175.2	0	0	0	0	0	NA	NA	NA	1	1	1	308.5
transcript:AT1G25175.3	0	0	0	0	0	NA	NA	NA	1	1	1	308.5
transcript:AT1G25175.4	0	0	0	0	0	NA	NA	NA	1	1	1	308.5
transcript:AT1G25175.1	0	0	0	0	0	NA	NA	NA	1	1	1	308.5
transcript:AT1G25175.5	0	0	0	0	0	NA	NA	NA	1	1	1	308.5
transcript:AT1G26235.1	5	2	0	0	1.84649177157001	-4.3544680594547	2.8149756716987	-1.54689367415633	0.121888886702604	0.977839680860975	1	12.5
transcript:AT1G26558.1	0	0	0	0	0	NA	NA	NA	1	1	1	308.5
transcript:AT1G26558.2	0	0	0	0	0	NA	NA	NA	1	1	1	308.5
transcript:AT1G31258.1	33	33	47	40	38.1443162025514	0.355735246897165	0.54703936603915	0.650291860113968	0.515503713996371	0.977839680860975	1	97
transcript:AT1G31935.1	62	75	78	128	84.0573916445155	0.530023157042345	0.383637101605555	1.38157429201751	0.167102452062622	0.977839680860975	1	19
transcript:AT1G32172.1	4	5	2	4	3.69504846191817	-0.646521575450878	1.67944106219029	-0.38496234848974	0.700265311339527	0.977839680860975	1	148
transcript:AT1G06677.1	0	0	1	0	0.260772992486251	1.46339320213728	4.98628570454126	0.293483624655621	0.769152514353569	0.977839680860975	1	169.5
transcript:AT1G33615.6	9	1	4	5	4.91361682670044	-0.298905384439509	1.57455534978869	-0.189834790170839	0.84943859295684	0.977839680860975	1	204
transcript:AT1G33615.1	0	0	0	0	0	NA	NA	NA	1	1	1	308.5
transcript:AT1G33615.5	0	0	0	0	0	NA	NA	NA	1	1	1	308.5
transcript:AT1G33615.4	0	0	0	0	0	NA	NA	NA	1	1	1	308.5
transcript:AT1G33615.2	0	0	0	0	0	NA	NA	NA	1	1	1	308.5
transcript:AT1G33615.3	0	0	0	0	0	NA	NA	NA	1	1	1	308.5
transcript:AT1G34392.1	0	0	0	0	0	NA	NA	NA	1	1	1	308.5
transcript:AT1G34418.1	339	392	319	366	351.025603907743	-0.140630074550122	0.193186147959248	-0.727951129186487	0.466643502930922	0.977839680860975	1	83
transcript:AT1G06797.1	0	0	0	0	0	NA	NA	NA	1	1	1	308.5
transcript:AT1G43765.1	14	25	8	23	16.9756807674429	-0.385868890856701	0.843761366459912	-0.457319932145807	0.647441105146574	0.977839680860975	1	139
transcript:AT1G07257.1	0	0	0	0	0	NA	NA	NA	1	1	1	308.5
transcript:AT1G46554.1	146	185	127	133	146.550642097586	-0.386476165856139	0.284719207970871	-1.35739407471124	0.174656029944433	0.977839680860975	1	22
transcript:AT1G07507.1	0	0	0	0	0	NA	NA	NA	1	1	1	308.5
transcript:AT1G07543.1	0	4	5	1	2.4515439745873	0.700935176948175	2.26721417161536	0.309161430677176	0.757198731488167	0.977839680860975	1	164
transcript:AT1G49832.2	0	0	0	0	0	NA	NA	NA	1	1	1	308.5
transcript:AT1G49832.1	0	0	0	0	0	NA	NA	NA	1	1	1	308.5
transcript:AT1G49952.1	6	2	2	10	4.93364668059518	0.428522487768654	1.55105271864247	0.276278480169075	0.782334183250567	0.977839680860975	1	180
transcript:AT1G50055.1	109	74	84	108	93.8543054006462	-0.0124766948876559	0.38578706461929	-0.0323408844720297	0.974200205150752	0.99678481497999	1	228
transcript:AT1G07647.1	29	22	20	38	27.0092931873062	0.0963223084590902	0.664653112235334	0.14492117269284	0.884773109515686	0.977839680860975	1	216
transcript:AT1G50659.1	191	212	173	233	200.114024318561	-0.0447411547986494	0.2516543014001	-0.177788158397167	0.858889347422097	0.977839680860975	1	208
transcript:AT1G07757.1	10	9	4	6	7.25756761858035	-0.996366302037223	1.22420834047503	-0.813886222708306	0.415710134043696	0.977839680860975	1	65
transcript:AT1G52347.1	0	0	0	0	0	NA	NA	NA	1	1	1	308.5
transcript:AT1G52347.2	0	0	0	0	0	NA	NA	NA	1	1	1	308.5
transcript:AT1G52615.2	0	0	0	0	0	NA	NA	NA	1	1	1	308.5
transcript:AT1G52615.1	0	0	0	0	0	NA	NA	NA	1	1	1	308.5
transcript:AT1G07847.1	17	29	23	29	24.0112901743124	0.147316223528632	0.680321672840149	0.216539071750616	0.828567572662095	0.977839680860975	1	198
transcript:AT1G07963.1	26	21	34	42	30.5134415896082	0.624924866134042	0.611934793533966	1.02122787057924	0.307146490711037	0.977839680860975	1	42
transcript:AT1G07977.1	0	0	0	0	0	NA	NA	NA	1	1	1	308.5
transcript:AT1G55525.1	2	0	3	2	1.79478311495252	1.19453340836216	2.55811344013916	0.466958732016661	0.640529403762468	0.977839680860975	1	136
transcript:AT1G57835.1	0	0	0	0	0	NA	NA	NA	1	1	1	308.5
transcript:AT1G58590.2	7	6	3	5	5.24659319985763	-0.777162528852558	1.42526175737383	-0.545277051623518	0.585562984785691	0.977839680860975	1	112
transcript:AT1G58590.1	1	1	1	1	0.996719901624761	-0.0493031447242281	3.07465934877126	-0.0160353194066625	0.98720621450104	0.99678481497999	1	234
transcript:AT1G58808.1	0	0	0	0	0	NA	NA	NA	1	1	1	308.5
transcript:AT1G08253.1	0	0	0	0	0	NA	NA	NA	1	1	1	308.5
transcript:AT1G08427.1	27	22	39	39	31.6379748588198	0.611105471617299	0.601845266295731	1.01538635566341	0.309921694489461	0.977839680860975	1	43
transcript:AT1G08493.1	0	0	0	0	0	NA	NA	NA	1	1	1	308.5
transcript:AT1G08547.1	27	33	40	54	37.8579058544569	0.597544806181765	0.543665030141492	1.09910473003248	0.271722386997961	0.977839680860975	1	35
transcript:AT1G64563.1	40	53	63	55	52.2851625761084	0.314869166338368	0.468669233415183	0.671836647018458	0.501687695698149	0.977839680860975	1	91
transcript:AT1G64572.1	64	114	55	83	77.276432152391	-0.400048850158667	0.406428222777383	-0.984303814889818	0.324966154356347	0.977839680860975	1	46
transcript:AT1G64618.1	5	2	0	0	1.84649177157001	-4.3544680594547	2.8149756716987	-1.54689367415633	0.121888886702604	0.977839680860975	1	12.5
transcript:AT1G08747.1	70	104	100	90	89.9802804734268	0.103529767740506	0.366690336345502	0.282335686214972	0.777686124498541	0.977839680860975	1	178
transcript:AT1G08747.2	266	297	244	272	267.884565953167	-0.173491585756763	0.217477777627065	-0.797743970210462	0.425019081859683	0.977839680860975	1	68
transcript:AT1G66173.1	18	14	9	29	17.1921580917878	0.142115457598241	0.851356147456832	0.166928327260886	0.867426443930226	0.977839680860975	1	210
transcript:AT1G08823.1	0	0	0	0	0	NA	NA	NA	1	1	1	308.5
transcript:AT1G67105.1	64	54	88	60	66.8361985173803	0.283091193902806	0.446963529070377	0.633365309450632	0.526495113409205	0.977839680860975	1	101
transcript:AT1G67238.1	0	0	0	0	0	NA	NA	NA	1	1	1	308.5
transcript:AT1G08933.1	0	0	0	0	0	NA	NA	NA	1	1	1	308.5
transcript:AT1G68568.1	161	158	111	84	129.124996920705	-0.750993029595606	0.327684796096832	-2.29181530098724	0.0219163033638967	0.754503412179151	1	6
transcript:AT1G68568.2	0	0	0	0	0	NA	NA	NA	1	1	1	308.5
transcript:AT1G68568.3	0	0	0	0	0	NA	NA	NA	1	1	1	308.5
transcript:AT1G68872.4	2	4	5	1	3.006368810902	0.0377687739420663	1.90439934809134	0.0198323812596972	0.984177086449282	0.99678481497999	1	231
transcript:AT1G68872.1	0	0	0	0	0	NA	NA	NA	1	1	1	308.5
transcript:AT1G68872.2	0	0	0	0	0	NA	NA	NA	1	1	1	308.5
transcript:AT1G68872.3	0	0	0	0	0	NA	NA	NA	1	1	1	308.5
transcript:AT1G69252.2	0	0	0	0	0	NA	NA	NA	1	1	1	308.5
transcript:AT1G69252.1	0	1	0	0	0.229714840391629	-1.45149300576055	4.99064283381827	-0.290842894210892	0.771171477849738	0.977839680860975	1	174
transcript:AT1G09073.1	0	0	0	0	0	NA	NA	NA	1	1	1	308.5
transcript:AT1G70185.1	2	7	3	6	4.31806560005204	-0.0128889680459217	1.58214711812574	-0.0081465041387494	0.993500102018117	0.99678481497999	1	237
transcript:AT1G70518.1	95	80	75	101	87.4001261022901	-0.0627790633288963	0.377829330602647	-0.166157199147991	0.868033241293168	0.977839680860975	1	211
transcript:AT1G70581.1	10	16	10	4	9.97257015506019	-0.885922272944575	1.08099489972094	-0.819543434639029	0.412476431345899	0.977839680860975	1	64
transcript:AT1G09277.1	0	0	0	0	0	NA	NA	NA	1	1	1	308.5
transcript:AT1G09583.1	0	0	0	0	0	NA	NA	NA	1	1	1	308.5
transcript:AT1G77138.1	13	27	14	21	18.2646966838072	-0.217859965772457	0.788021500524076	-0.276464494468195	0.782191326612802	0.977839680860975	1	179
transcript:AT1G78865.1	66	67	47	52	57.8550663821337	-0.478792938261635	0.442932091195805	-1.08096240434739	0.279713837500902	0.977839680860975	1	36
transcript:AT1G09837.1	31	55	30	59	42.5576503437873	0.00581112961812303	0.542819155489349	0.0107054615876338	0.991458440636888	0.99678481497999	1	236
transcript:AT1G09843.1	64	71	69	83	71.0495159103585	0.120256944802715	0.398685382995783	0.301633693964614	0.762931319553921	0.977839680860975	1	165
transcript:AT1G79075.1	2	11	1	4	4.25773967546699	-1.38671683003509	1.6851511166789	-0.82290354634072	0.410562845857209	0.977839680860975	1	61
transcript:AT1G79075.2	0	0	0	0	0	NA	NA	NA	1	1	1	308.5
transcript:AT1G09903.1	30	70	60	62	54.2356092578605	0.281611027840743	0.488574390955876	0.576393345729362	0.564349341151872	0.977839680860975	1	108
transcript:AT1G09923.1	2	1	4	2	2.28527094783039	0.945399753945692	2.14715794816883	0.44030284532722	0.659717780223822	0.977839680860975	1	143
transcript:AT2G01422.1	0	0	0	0	0	NA	NA	NA	1	1	1	308.5
transcript:AT2G01422.2	0	0	0	0	0	NA	NA	NA	1	1	1	308.5
transcript:AT2G04705.1	0	0	0	0	0	NA	NA	NA	1	1	1	308.5
transcript:AT2G05518.1	22	42	27	43	32.6312122683887	0.0969168039748219	0.601028062517363	0.161251711889945	0.871895153782466	0.977839680860975	1	213
transcript:AT2G05995.1	14	10	2	4	7.61774684544982	-2.09081822615	1.26797702683665	-1.64894014788752	0.0991598970699934	0.977839680860975	1	11
transcript:AT2G06002.1	22	24	27	33	26.2081486354441	0.331057100810735	0.646234252452983	0.512286526989408	0.608450493170552	0.977839680860975	1	124
transcript:AT2G06562.1	0	2	0	0	0.459429680783257	-2.36729676203187	4.90212593214193	-0.482912270064329	0.629158029187405	0.977839680860975	1	130.5
transcript:AT2G07042.1	72	110	86	41	77.0504095783967	-0.516031470846315	0.453760624646682	-1.13723281134876	0.255440973863208	0.977839680860975	1	33
transcript:AT2G10537.1	0	0	0	0	0	NA	NA	NA	1	1	1	308.5
transcript:AT2G05685.1	0	0	0	0	0	NA	NA	NA	1	1	1	308.5
transcript:AT2G14878.1	697	695	823	852	762.57878464632	0.215506785887939	0.157008323933302	1.37258191469828	0.169882357383624	0.977839680860975	1	21
transcript:AT2G15128.1	40	43	47	43	43.0698104853377	0.0748126252665548	0.511105360216834	0.146374174661005	0.883626013347377	0.977839680860975	1	215
transcript:AT2G15292.1	378	394	376	476	402.338340033227	0.0853706767298802	0.189983980853637	0.449357237101214	0.653173974288669	0.977839680860975	1	141
transcript:AT2G15555.1	4	0	0	0	1.1096496726294	-3.61564526145623	3.74213764751106	-0.966197826491238	0.333945200280782	0.977839680860975	1	48
transcript:AT2G18440.2	14	27	16	12	17.0042782316313	-0.553058770868394	0.81827902064307	-0.675880423322787	0.499116567997038	0.977839680860975	1	89
transcript:AT2G18440.1	0	0	0	0	0	NA	NA	NA	1	1	1	308.5
transcript:AT2G18735.1	100	100	125	123	111.454166938192	0.261658352162415	0.328836840374888	0.795708752900415	0.426201338165394	0.977839680860975	1	69
transcript:AT2G19796.1	0	0	0	0	0	NA	NA	NA	1	1	1	308.5
transcript:AT2G21188.1	20	56	25	21	29.7368168996146	-0.711376784510304	0.660026863090214	-1.07779974466444	0.281123133529984	0.977839680860975	1	38
transcript:AT2G07405.1	0	0	0	0	0	NA	NA	NA	1	1	1	308.5
transcript:AT2G07575.1	0	0	2	0	0.521545984972501	2.48132129750136	4.88627855802797	0.507814130535936	0.611583699122404	0.977839680860975	1	125.5
transcript:AT2G22482.1	20	26	27	14	21.7651801187116	-0.176671260095352	0.739282964410732	-0.238976506426295	0.811123800153572	0.977839680860975	1	194
transcript:AT2G07975.1	0	0	0	0	0	NA	NA	NA	1	1	1	308.5
transcript:AT2G24735.1	2	2	0	0	1.01425451709796	-3.49525563558385	3.50993354536502	-0.99581818014744	0.319338495301059	0.977839680860975	1	45
transcript:AT2G08135.1	27	32	25	27	27.5384655608542	-0.225324451040424	0.629394114298783	-0.358002157823578	0.72034169872375	0.977839680860975	1	153
transcript:AT2G27400.1	85	126	114	173	121.838046128142	0.399510305535429	0.325150332155681	1.22869413322372	0.219186506673541	0.977839680860975	1	28
transcript:AT2G08205.1	3	6	8	14	7.50018534496527	1.25194556281096	1.22498338682347	1.02201023807956	0.306776054788268	0.977839680860975	1	41
transcript:AT2G08330.1	247	247	237	254	245.18382333058	-0.0612703035293721	0.231961144991158	-0.264140373732453	0.791671754545206	0.977839680860975	1	187
transcript:AT2G30115.1	0	0	0	3	0.686458951768596	2.89307064443037	4.53197043928081	0.638369266347084	0.523233332293411	0.977839680860975	1	99
transcript:AT2G30945.2	0	0	0	0	0	NA	NA	NA	1	1	1	308.5
transcript:AT2G30945.1	0	0	0	0	0	NA	NA	NA	1	1	1	308.5
transcript:AT2G30945.3	0	0	0	0	0	NA	NA	NA	1	1	1	308.5
transcript:AT2G31585.1	0	0	0	0	0	NA	NA	NA	1	1	1	308.5
transcript:AT2G31585.2	0	0	0	0	0	NA	NA	NA	1	1	1	308.5
transcript:AT2G08475.1	150	198	168	189	174.152177820257	-0.00179732502939909	0.262783786019958	-0.00683955831758428	0.994542864562786	0.99678481497999	1	238
transcript:AT2G31902.1	44	58	26	68	47.8694411863685	-0.187550674391602	0.532524585201092	-0.352191578762094	0.724694592053478	0.977839680860975	1	156
transcript:AT2G31902.2	0	0	0	0	0	NA	NA	NA	1	1	1	308.5
transcript:AT2G31902.3	0	0	0	0	0	NA	NA	NA	1	1	1	308.5
transcript:AT2G31902.4	0	2	0	0	0.459429680783257	-2.36729676203187	4.90212593214193	-0.482912270064329	0.629158029187405	0.977839680860975	1	130.5
transcript:AT2G31902.5	104	85	47	93	81.9132110733331	-0.520908324720323	0.417273291825293	-1.24836248790737	0.211898339860491	0.977839680860975	1	27
transcript:AT2G32795.1	35	27	42	65	41.7374782988233	0.707319881468703	0.538909487688885	1.31250218752326	0.189350748441317	0.977839680860975	1	23
transcript:AT2G08610.1	14	7	11	19	12.7078540154942	0.408567177098873	0.958154046466982	0.426410741159409	0.669808575952592	0.977839680860975	1	145
transcript:AT2G08745.1	1	5	1	4	2.60203821495987	-0.282111768018115	2.04218021731693	-0.138142444837097	0.890127841200402	0.977839680860975	1	217
transcript:AT2G36307.1	30	58	34	32	37.8343438508325	-0.425861450633089	0.559367221595755	-0.761327146446296	0.446461690142014	0.977839680860975	1	73
transcript:AT2G08915.1	46	51	50	23	42.7779296830829	-0.425516004230637	0.565145949024404	-0.75293117638938	0.451491272477468	0.977839680860975	1	75
transcript:AT2G08915.2	349	441	294	222	325.586400771457	-0.639405678237488	0.230577302064044	-2.77306427178114	0.0055531151868182	0.44239817654985	0.697841475143487	3
transcript:AT2G09000.1	2	3	5	4	3.46311292227897	0.828506913861549	1.73676006083085	0.477041666576096	0.633332451725775	0.977839680860975	1	133
transcript:AT2G09035.1	0	0	0	0	0	NA	NA	NA	1	1	1	308.5
transcript:AT2G09045.1	22	16	13	13	16.1432150057129	-0.615425184013152	0.833985036234036	-0.737933125026057	0.460555088452919	0.977839680860975	1	81
transcript:AT2G39675.1	91	128	111	148	117.459140075672	0.200120249310977	0.319975371448903	0.625423914361904	0.531692870664581	0.977839680860975	1	102
transcript:AT2G39681.1	198	248	233	352	253.201563469091	0.337952996169811	0.237106800775102	1.42531970852393	0.154064805623687	0.977839680860975	1	16
transcript:AT2G09155.1	0	0	1	0	0.260772992486251	1.46339320213728	4.98628570454126	0.293483624655621	0.769152514353569	0.977839680860975	1	169.5
transcript:AT2G09215.1	26	30	28	49	32.617974752342	0.39630242403874	0.593811260133303	0.667387856454213	0.504524420603959	0.977839680860975	1	92
transcript:AT2G41312.2	0	0	0	0	0	NA	NA	NA	1	1	1	308.5
transcript:AT2G41312.1	0	1	0	0	0.229714840391629	-1.45149300576055	4.99064283381827	-0.290842894210892	0.771171477849738	0.977839680860975	1	174
transcript:AT2G09365.1	0	0	0	0	0	NA	NA	NA	1	1	1	308.5
transcript:AT2G42388.1	1	0	2	0	0.798958403129851	0.950059894662412	3.96305906781594	0.239728926166623	0.81054040888126	0.977839680860975	1	193
transcript:AT2G42425.1	0	0	0	0	0	NA	NA	NA	1	1	1	308.5
transcript:AT2G42485.1	68	51	58	58	58.9758745930683	-0.102626300679566	0.457087507720192	-0.224522217182073	0.822350981345906	0.977839680860975	1	197
transcript:AT2G09395.1	166	209	191	193	188.030697184624	-0.00282591318351601	0.255331339768355	-0.0110676315178535	0.991169487966152	0.99678481497999	1	235
transcript:AT2G09400.1	38	39	53	50	44.7625017965007	0.374294977645682	0.50278199365563	0.74444785686189	0.456605575662117	0.977839680860975	1	79
transcript:AT2G43375.1	63	67	72	101	74.7543168187049	0.353091242209122	0.395110229525845	0.893652494476926	0.371507850214488	0.977839680860975	1	56
transcript:AT2G09475.1	0	0	0	0	0	NA	NA	NA	1	1	1	308.5
transcript:AT2G44995.1	38	29	44	51	40.3472161107977	0.434375368433883	0.538775605872209	0.806226866434839	0.420112050247826	0.977839680860975	1	67
transcript:AT2G45023.1	3	0	0	0	0.83223725447205	-3.20036481163708	4.19621405551083	-0.762679112480949	0.445654790448719	0.977839680860975	1	72
transcript:AT2G45023.2	0	0	0	0	0	NA	NA	NA	1	1	1	308.5
transcript:AT2G45245.3	0	1	0	0	0.229714840391629	-1.45149300576055	4.99064283381827	-0.290842894210892	0.771171477849738	0.977839680860975	1	174
transcript:AT2G45245.4	1	2	8	11	5.34004219531546	2.62868737518075	1.55931049576505	1.68580111678849	0.0918341126204925	0.977839680860975	1	10
transcript:AT2G45245.2	0	0	0	0	0	NA	NA	NA	1	1	1	308.5
transcript:AT2G45245.1	0	0	0	0	0	NA	NA	NA	1	1	1	308.5
transcript:AT2G45780.1	2	4	2	2	2.45286948403278	-0.597261970628502	2.03377568143434	-0.293671507669556	0.769008928339736	0.977839680860975	1	167
transcript:AT2G09675.1	27	38	47	50	39.9166124014607	0.54418320062721	0.529219491827636	1.02827505228104	0.303820462873223	0.977839680860975	1	40
transcript:AT2G46192.1	90	73	45	31	60.5644948129072	-1.15049364154116	0.47049707513902	-2.44527267507713	0.0144742663381809	0.691869930965048	1	5
transcript:AT2G09735.1	410	399	203	196	303.18088175103	-1.07066534210421	0.222210408723261	-4.81825018123974	1.44822707553251e-06	0.000346126271052271	0.000545981607475758	1
transcript:AT2G09785.1	478	520	529	567	519.744507792351	0.0874702719294059	0.168751983461727	0.518336259729025	0.60422367837045	0.977839680860975	1	123
transcript:AT3G00980.1	12	2	3	3	5.25715662789881	-1.35521173837318	1.54040685508119	-0.879775193094519	0.378981105782093	0.977839680860975	1	57
transcript:AT3G01005.1	52	32	42	36	40.96629374236	-0.177714023073979	0.558466135915559	-0.318218082789624	0.750319517069816	0.977839680860975	1	160
transcript:AT3G01135.1	70	83	60	72	70.606595415141	-0.260075456557259	0.399303729076148	-0.651322383487339	0.514838402232524	0.977839680860975	1	95
transcript:AT3G02832.1	72	37	30	24	41.7880045905558	-1.09371878032542	0.583619763736138	-1.87402628952076	0.0609268017010409	0.977839680860975	1	8
transcript:AT3G04485.1	41	64	47	45	48.6288738528983	-0.21391681742026	0.485613761036137	-0.440508145740832	0.659569113881094	0.977839680860975	1	142
transcript:AT3G01525.1	49	67	52	70	58.5616739465015	0.0290670724016437	0.440290285828704	0.0660179734534329	0.947363515923789	0.99678481497999	1	223
transcript:AT3G01605.1	12	20	22	21	18.4654643227985	0.405962859692671	0.773150426749464	0.525076163249952	0.599530245853899	0.977839680860975	1	122
transcript:AT3G05152.1	0	0	0	4	0.915278602358128	3.30797793754783	4.02661251017614	0.821528748839834	0.411345155521525	0.977839680860975	1	62.5
transcript:AT3G01615.1	17	19	11	7	13.5508335475914	-1.02851311048866	0.91409844742575	-1.12516667475492	0.260518411919304	0.977839680860975	1	34
transcript:AT3G06125.2	0	0	0	0	0	NA	NA	NA	1	1	1	308.5
transcript:AT3G06125.3	0	0	0	0	0	NA	NA	NA	1	1	1	308.5
transcript:AT3G06125.1	1	3	6	2	2.9888341954288	1.04179402637023	1.92271385208146	0.541835190526357	0.587932046588354	0.977839680860975	1	114
transcript:AT3G01905.1	43	47	38	32	39.9569340125151	-0.400996158424693	0.533288330038546	-0.751931245890396	0.452092406579462	0.977839680860975	1	76
transcript:AT3G06962.1	4	0	1	0	1.37042266511565	-2.12202082729448	3.2424220149173	-0.654455471105172	0.512818406467898	0.977839680860975	1	94
transcript:AT3G01925.1	12	10	5	9	8.98933923954153	-0.733263532292216	1.10488230417308	-0.663657594589689	0.50690948592307	0.977839680860975	1	93
transcript:AT3G07215.4	1	0	0	0	0.27741241815735	-1.58910229693005	4.98160849620146	-0.318993814576509	0.749731203213618	0.977839680860975	1	158.5
transcript:AT3G07215.3	0	0	0	0	0	NA	NA	NA	1	1	1	308.5
transcript:AT3G07215.2	0	0	0	0	0	NA	NA	NA	1	1	1	308.5
transcript:AT3G07215.1	0	0	0	0	0	NA	NA	NA	1	1	1	308.5
transcript:AT3G02075.1	16	20	10	6	13.0135433267499	-1.19045192104993	0.938048694138654	-1.26907262756017	0.204415161891663	0.977839680860975	1	24
transcript:AT3G02115.1	106	89	84	103	95.3236924991009	-0.128018660678142	0.361905349109763	-0.353735198976887	0.723537340978343	0.977839680860975	1	155
transcript:AT3G11415.1	2	7	4	0	3.2059206890011	-1.08242478501476	2.0090870291467	-0.538764508113165	0.59004935618996	0.977839680860975	1	116
transcript:AT3G02475.1	3	6	8	2	4.75434953789089	0.185606559085705	1.54204449596814	0.120363945120258	0.904194851340065	0.977839680860975	1	221
transcript:AT3G02565.1	64	64	62	64	63.2685277190122	-0.0735246934936114	0.424757316478921	-0.173098121306311	0.862574301642414	0.977839680860975	1	209
transcript:AT3G02585.1	21	35	21	32	26.6641418560876	-0.116906206068781	0.650802850560084	-0.179633826078314	0.857440047250849	0.977839680860975	1	207
transcript:AT3G12965.1	227	311	236	236	249.9577980494	-0.220556243717254	0.229037964468965	-0.962968057407528	0.335563553554784	0.977839680860975	1	50
transcript:AT3G13277.1	112	141	126	127	125.377476006981	-0.0370130929808558	0.306380188759433	-0.120807723014748	0.903843332831006	0.977839680860975	1	220
transcript:AT3G14185.1	2	2	0	6	2.38717242063515	0.45315862503476	2.26680318600101	0.199910882353312	0.841550279352117	0.977839680860975	1	202
transcript:AT3G03065.1	0	0	0	0	0	NA	NA	NA	1	1	1	308.5
transcript:AT3G15536.1	0	0	0	0	0	NA	NA	NA	1	1	1	308.5
transcript:AT3G03155.1	10	17	13	27	16.2474559364698	0.517892239266561	0.840346359386937	0.616284265983353	0.537706921406828	0.977839680860975	1	104
transcript:AT3G03155.2	32	33	20	39	30.5972133366757	-0.212639171649086	0.618046004318742	-0.344050718171818	0.730808144085984	0.977839680860975	1	157
transcript:AT3G17185.1	0	0	0	0	0	NA	NA	NA	1	1	1	308.5
transcript:AT3G17185.2	0	0	0	0	0	NA	NA	NA	1	1	1	308.5
transcript:AT3G18362.1	0	0	0	0	0	NA	NA	NA	1	1	1	308.5
transcript:AT3G18362.2	0	0	0	1	0.228819650589532	1.36813990595467	4.99272633419422	0.274026616797429	0.784064167022792	0.977839680860975	1	182.5
transcript:AT3G03695.1	0	0	0	0	0	NA	NA	NA	1	1	1	308.5
transcript:AT3G03745.1	30	33	27	48	33.9271763030705	0.185320642613513	0.583248959317294	0.317738488261403	0.750683313537942	0.977839680860975	1	161
transcript:AT3G04195.1	13	11	10	11	11.2579707617008	-0.255135651614001	0.978756120088661	-0.260673365282139	0.794344407519632	0.977839680860975	1	191
transcript:AT3G04355.1	30	29	35	33	31.6622061225511	0.1559318761977	0.593769887985021	0.262613310902074	0.792848639463531	0.977839680860975	1	190
transcript:AT3G04535.1	0	0	0	0	0	NA	NA	NA	1	1	1	308.5
transcript:AT3G04685.1	114	115	101	24	89.8719661702353	-0.868450131238235	1.00419410083733	-0.864822976468484	0.38713595814118	0.977839680860975	1	59
transcript:AT3G25795.1	2	8	6	7	5.55891906849196	0.389017513602827	1.40923420398965	0.276048872856966	0.782510528896827	0.977839680860975	1	181
transcript:AT3G26612.1	61	84	105	99	86.2525137199151	0.462998139426248	0.369699761775409	1.25236255820884	0.210437783050431	0.977839680860975	1	26
transcript:AT3G05185.1	0	0	0	0	0	NA	NA	NA	1	1	1	308.5
transcript:AT3G05215.1	0	0	0	0	0	NA	NA	NA	1	1	1	308.5
transcript:AT3G27884.2	0	0	0	0	0	NA	NA	NA	1	1	1	308.5
transcript:AT3G27884.3	0	0	0	0	0	NA	NA	NA	1	1	1	308.5
transcript:AT3G27884.1	0	0	0	0	0	NA	NA	NA	1	1	1	308.5
transcript:AT3G41761.1	64	78	120	75	84.1263852051824	0.438114916639061	0.406420478006483	1.07798435449917	0.28104073829488	0.977839680860975	1	37
transcript:AT3G44765.1	0	3	2	4	2.12596910850551	1.02973220460275	2.3534161900933	0.437547854449803	0.661714078875854	0.977839680860975	1	144
transcript:AT3G44798.1	179	194	201	223	197.663655457344	0.135803866675812	0.249166736151571	0.545032088846727	0.585731448125869	0.977839680860975	1	113
transcript:AT3G45638.1	4	4	4	7	4.67333855826764	0.38915690373408	1.496438864328	0.260055330699284	0.794821093642458	0.977839680860975	1	192
transcript:AT3G45638.2	0	0	0	0	0	NA	NA	NA	1	1	1	308.5
transcript:AT3G46614.1	2	12	2	0	3.83294890598675	-2.71615966179786	1.97756145578874	-1.3734893820099	0.169600259877623	0.977839680860975	1	20
transcript:AT3G07485.1	0	0	1	0	0.260772992486251	1.46339320213728	4.98628570454126	0.293483624655621	0.769152514353569	0.977839680860975	1	169.5
transcript:AT3G07635.1	4	4	2	2	3.00769432034748	-1.05040261536989	1.86205221655589	-0.564110182319566	0.572679148797611	0.977839680860975	1	110
transcript:AT3G48115.2	0	0	0	0	0	NA	NA	NA	1	1	1	308.5
transcript:AT3G48115.1	42	92	46	66	59.8827414719152	-0.278843951182159	0.468377446450198	-0.595340260927376	0.551616048908134	0.977839680860975	1	106
transcript:AT3G08085.1	2	9	1	1	3.11185104291514	-2.43346111724042	2.01377956145922	-1.20840491373201	0.226891550665829	0.977839680860975	1	30
transcript:AT3G08170.1	19	36	38	20	28.0263369253564	0.0867743297031763	0.672551021258666	0.129022671827603	0.89733970924329	0.977839680860975	1	218
transcript:AT3G08170.2	248	275	261	338	277.372653748894	0.141710088302456	0.21773573745371	0.650835227876101	0.515152857061687	0.977839680860975	1	96
transcript:AT3G52742.1	0	0	0	0	0	NA	NA	NA	1	1	1	308.5
transcript:AT3G52748.1	6	10	16	5	9.27808904558806	0.41174773902253	1.13446869444618	0.362943235929074	0.716647288130295	0.977839680860975	1	152
transcript:AT3G53365.1	8	22	11	19	14.4891021124245	-0.0173658364778686	0.898228928028394	-0.019333419283196	0.984575124173574	0.99678481497999	1	232
transcript:AT3G54366.1	367	402	514	481	438.25529337268	0.330143168096522	0.188179254308367	1.75440788789353	0.0793606407150637	0.977839680860975	1	9
transcript:AT3G08410.1	0	1	0	0	0.229714840391629	-1.45149300576055	4.99064283381827	-0.290842894210892	0.771171477849738	0.977839680860975	1	174
transcript:AT3G55485.1	4	9	0	8	5.00764044087031	-0.782460601544966	1.65242632127943	-0.473522233014982	0.63584064288201	0.977839680860975	1	134
transcript:AT3G08705.1	34	42	43	42	39.9037095154674	0.124565390736003	0.527140791710228	0.236303835132678	0.813196911195663	0.977839680860975	1	195
transcript:AT3G08785.1	1866	2068	1779	2059	1927.75667640839	-0.0857598472053433	0.1127937292067	-0.760324601451771	0.447060579976195	0.977839680860975	1	74
transcript:AT3G57157.1	14	21	16	30	19.7447428998931	0.342732417677325	0.757312027089285	0.452564339951936	0.650862481648474	0.977839680860975	1	140
transcript:AT3G08895.1	126	168	115	146	136.94262099561	-0.214431860071211	0.29508817860264	-0.726670451817592	0.467427858565919	0.977839680860975	1	84
transcript:AT3G08975.1	40	36	30	42	36.7998460797405	-0.146333530897244	0.555929495517551	-0.263223182214883	0.792378563830526	0.977839680860975	1	189
transcript:AT3G59765.3	0	3	0	3	1.37560347294348	-0.0124395295314244	3.08700172269277	-0.0040296477452476	0.99678481497999	0.99678481497999	1	239
transcript:AT3G59765.2	0	0	0	0	0	NA	NA	NA	1	1	1	308.5
transcript:AT3G59765.1	0	0	0	0	0	NA	NA	NA	1	1	1	308.5
transcript:AT3G60176.1	0	0	3	0	0.782318977458752	3.06719639596669	4.30089875031145	0.713152430232072	0.475751438688514	0.977839680860975	1	86
transcript:AT3G60238.1	0	0	0	0	0	NA	NA	NA	1	1	1	308.5
transcript:AT3G60972.1	6	9	4	7	6.37673759654048	-0.494854576552225	1.29157189162061	-0.383141333256565	0.701614974144714	0.977839680860975	1	149
transcript:AT3G61118.1	0	6	1	1	1.86788168542555	-1.51173379922164	2.59660242165658	-0.582196868728631	0.560434082276943	0.977839680860975	1	107
transcript:AT3G61198.1	18	23	20	35	23.5010124761984	0.366251346575061	0.692260740588013	0.529065603610517	0.596759941273701	0.977839680860975	1	121
transcript:AT4G03605.1	0	0	0	0	0	NA	NA	NA	1	1	1	308.5
transcript:AT4G03675.1	27	22	19	26	23.4478595514309	-0.195765037370713	0.691771860693621	-0.28299074954339	0.777183928088064	0.977839680860975	1	177
transcript:AT4G03685.1	4	3	0	8	3.62935139852054	0.0448491469199148	1.8970415446998	0.0236416261126279	0.981138468583736	0.99678481497999	1	229
transcript:AT4G00975.1	32	25	15	17	22.4215973381417	-0.901796528341618	0.714096591420094	-1.26284950688289	0.206643269024128	0.977839680860975	1	25
transcript:AT4G00975.2	0	0	0	0	0	NA	NA	NA	1	1	1	308.5
transcript:AT4G00975.3	0	0	0	0	0	NA	NA	NA	1	1	1	308.5
transcript:AT4G01533.1	12	9	14	8	10.8777616809366	0.0228753398178968	1.01760040392044	0.0224796882251289	0.982065314354423	0.99678481497999	1	230
transcript:AT4G03955.1	30	46	25	25	31.12907127963	-0.629941082865535	0.600507589678549	-1.04901435667573	0.294171510849224	0.977839680860975	1	39
transcript:AT4G02005.6	0	0	0	0	0	NA	NA	NA	1	1	1	308.5
transcript:AT4G02005.5	0	0	0	0	0	NA	NA	NA	1	1	1	308.5
transcript:AT4G02005.3	0	0	0	0	0	NA	NA	NA	1	1	1	308.5
transcript:AT4G02005.1	0	0	0	0	0	NA	NA	NA	1	1	1	308.5
transcript:AT4G02005.4	0	0	0	0	0	NA	NA	NA	1	1	1	308.5
transcript:AT4G02005.2	0	0	0	0	0	NA	NA	NA	1	1	1	308.5
transcript:AT4G04325.1	10	11	16	17	13.3632893656835	0.605883051956532	0.90012229179077	0.673111928770416	0.500876085485355	0.977839680860975	1	90
transcript:AT4G03038.1	0	0	0	0	0	NA	NA	NA	1	1	1	308.5
transcript:AT4G03811.1	0	0	0	0	0	NA	NA	NA	1	1	1	308.5
transcript:AT4G03935.1	0	0	0	0	0	NA	NA	NA	1	1	1	308.5
transcript:AT4G03935.3	0	0	0	0	0	NA	NA	NA	1	1	1	308.5
transcript:AT4G03935.2	0	0	0	0	0	NA	NA	NA	1	1	1	308.5
transcript:AT4G04223.1	0	0	2	0	0.521545984972501	2.48132129750136	4.88627855802797	0.507814130535936	0.611583699122404	0.977839680860975	1	125.5
transcript:AT4G04223.2	0	0	1	0	0.260772992486251	1.46339320213728	4.98628570454126	0.293483624655621	0.769152514353569	0.977839680860975	1	169.5
transcript:AT4G04315.1	0	0	0	0	0	NA	NA	NA	1	1	1	308.5
transcript:AT4G06701.5	0	0	0	0	0	NA	NA	NA	1	1	1	308.5
transcript:AT4G06701.3	0	0	0	0	0	NA	NA	NA	1	1	1	308.5
transcript:AT4G06701.2	0	0	0	0	0	NA	NA	NA	1	1	1	308.5
transcript:AT4G06701.4	0	0	0	0	0	NA	NA	NA	1	1	1	308.5
transcript:AT4G06701.1	0	0	0	0	0	NA	NA	NA	1	1	1	308.5
transcript:AT4G08035.1	3	2	0	4	2.20694553761344	-0.472149230687165	2.31825147959853	-0.203666096988292	0.838614437542348	0.977839680860975	1	200
transcript:AT4G08035.2	0	0	0	0	0	NA	NA	NA	1	1	1	308.5
transcript:AT4G05365.1	0	0	0	0	0	NA	NA	NA	1	1	1	308.5
transcript:AT4G05690.1	192	224	200	218	206.756590859704	-0.0373861790238325	0.242633807722297	-0.154084788821442	0.877542881806249	0.977839680860975	1	214
transcript:AT4G10507.1	0	2	0	0	0.459429680783257	-2.36729676203187	4.90212593214193	-0.482912270064329	0.629158029187405	0.977839680860975	1	130.5
transcript:AT4G05905.1	0	0	0	0	0	NA	NA	NA	1	1	1	308.5
transcript:AT4G05940.1	12	13	1	0	6.57601493546562	-4.67849219482986	1.87512585275856	-2.49502836726782	0.0125947060964711	0.691869930965048	1	4
transcript:AT4G12917.1	181	236	212	191	203.41277768859	-0.0796941920333071	0.254225442575695	-0.313478427752479	0.753917207529549	0.977839680860975	1	163
transcript:AT4G13495.2	68	79	62	127	82.2395379846566	0.29338302590468	0.407387768000142	0.720156688417257	0.471428527547043	0.977839680860975	1	85
transcript:AT4G13495.1	0	0	0	0	0	NA	NA	NA	1	1	1	308.5
transcript:AT4G14548.1	9	39	13	19	19.193212802212	-0.574299178721968	0.832782517527976	-0.689614835367477	0.490436435438831	0.977839680860975	1	88
transcript:AT4G15242.1	0	0	0	0	0	NA	NA	NA	1	1	1	308.5
transcript:AT4G16355.1	1	2	3	4	2.43443967875749	1.19513245589497	2.0754089616364	0.575853953599896	0.564713901546244	0.977839680860975	1	109
transcript:AT4G16748.1	0	0	0	0	0	NA	NA	NA	1	1	1	308.5
transcript:AT4G16892.1	7	42	28	24	24.3832256273136	0.127742639045093	0.785043509492158	0.162720457529454	0.870738538888451	0.977839680860975	1	212
transcript:AT4G06785.1	21	36	20	18	23.4296085957396	-0.600825426440529	0.694074561064603	-0.865649686856346	0.386682299001219	0.977839680860975	1	58
transcript:AT4G23205.1	5	4	1	9	4.6260713001453	0.0264146077632525	1.59117103495786	0.0166007344169334	0.986755138659691	0.99678481497999	1	233
transcript:AT4G26255.1	13	19	13	34	19.1408604258518	0.489699035178719	0.791958888661707	0.618338959496038	0.536351925519087	0.977839680860975	1	103
transcript:AT4G07975.1	93	133	90	105	103.847061296384	-0.248367955317569	0.335983030795095	-0.739227676855621	0.459768757354947	0.977839680860975	1	80
transcript:AT4G07975.2	299	445	300	386	351.725699876757	-0.153928461216172	0.205310139836479	-0.749736283550191	0.453413550249216	0.977839680860975	1	78
transcript:AT4G08055.1	102	74	79	72	82.3710460898903	-0.285679327384324	0.40344432247886	-0.708100997999031	0.478882539911894	0.977839680860975	1	87
transcript:AT4G30872.1	0	0	0	0	0	NA	NA	NA	1	1	1	308.5
transcript:AT4G30975.3	0	0	0	0	0	NA	NA	NA	1	1	1	308.5
transcript:AT4G30975.1	0	0	0	0	0	NA	NA	NA	1	1	1	308.5
transcript:AT4G30975.2	0	0	0	0	0	NA	NA	NA	1	1	1	308.5
transcript:AT4G31408.1	0	0	0	0	0	NA	NA	NA	1	1	1	308.5
transcript:AT4G31408.3	0	0	0	0	0	NA	NA	NA	1	1	1	308.5
transcript:AT4G31408.2	0	0	0	0	0	NA	NA	NA	1	1	1	308.5
transcript:AT4G09195.1	0	0	0	0	0	NA	NA	NA	1	1	1	308.5
transcript:AT4G36648.1	1453	1970	1780	2630	1921.59008683013	0.31723863896636	0.138612549542347	2.28867184114121	0.0220984262981341	0.754503412179151	1	7
transcript:AT4G09365.1	8	7	9	11	8.69127631686131	0.351140884142925	1.10858900331338	0.316745776021074	0.751436511551229	0.977839680860975	1	162
transcript:AT4G09405.1	0	3	4	0	1.73223649111989	0.5613360965671	2.82463452264908	0.198728753070911	0.84247493090276	0.977839680860975	1	203
transcript:AT4G09535.1	15	17	12	19	15.5431878300541	-0.105707680366056	0.836720424548727	-0.126335723695364	0.899466179372939	0.977839680860975	1	219
transcript:AT4G39404.1	0	1	2	0	0.75126082536413	1.07120575180852	4.05618446067948	0.264091971702164	0.791709050009996	0.977839680860975	1	188
transcript:AT4G40065.1	123	167	244	340	213.911397145842	0.963737292304508	0.250829556930391	3.84219987508075	0.000121936472233976	0.0145714084319602	0.0229850250161045	2
transcript:AT5G00885.1	0	0	0	0	0	NA	NA	NA	1	1	1	308.5
transcript:AT5G03285.1	63	68	53	25	52.6390513570534	-0.766593059008471	0.518586118946124	-1.478236749889	0.139344420574393	0.977839680860975	1	15
transcript:AT5G00925.1	37	38	30	38	35.5117599036936	-0.198483519801736	0.558665949121357	-0.355281219687545	0.722378923453065	0.977839680860975	1	154
transcript:AT5G06165.1	10	12	30	8	15.1844492455768	0.796299583506791	0.938341299282707	0.84862467858497	0.396090170251509	0.977839680860975	1	60
transcript:AT5G01265.1	14	25	23	23	20.8872756547366	0.219842605528488	0.729448020043196	0.301382140314083	0.763123111548248	0.977839680860975	1	166
transcript:AT5G07322.1	106	124	115	77	105.498363764554	-0.285778069537432	0.361959765835713	-0.789529932636605	0.429802342189441	0.977839680860975	1	70
transcript:AT5G10278.2	2	0	0	0	0.5548248363147	-2.61467372072485	4.88382944116325	-0.535373675969749	0.592391489214146	0.977839680860975	1	118.5
transcript:AT5G10278.1	7	4	6	9	6.48476109889126	0.353958296791731	1.29272834640096	0.273807175171159	0.784232809283392	0.977839680860975	1	184
transcript:AT5G02115.1	41	43	67	51	50.3932399579363	0.454587683492979	0.486546400405486	0.934315171408373	0.350141340645992	0.977839680860975	1	53
transcript:AT5G02135.1	0	0	0	0	0	NA	NA	NA	1	1	1	308.5
transcript:AT5G02445.1	2	3	1	4	2.42002095233396	-0.0734027539059232	2.0661918842146	-0.0355256229911217	0.971660615075224	0.99678481497999	1	226
transcript:AT5G02535.1	1	6	0	2	2.11334076168619	-1.83601499558551	2.44801494659212	-0.750001546412706	0.453253773388774	0.977839680860975	1	77
transcript:AT5G02825.1	0	2	0	0	0.459429680783257	-2.36729676203187	4.90212593214193	-0.482912270064329	0.629158029187405	0.977839680860975	1	130.5
transcript:AT5G02975.1	0	0	0	0	0	NA	NA	NA	1	1	1	308.5
transcript:AT5G03315.1	10	21	21	8	14.9049258767252	-0.0703581588858463	0.9139883383754	-0.0769792741676626	0.938640032853074	0.99678481497999	1	222
transcript:AT5G22788.1	13	10	6	9	9.52752465018513	-0.696060170446539	1.07216930727065	-0.649207327356212	0.516204376195741	0.977839680860975	1	98
transcript:AT5G23155.2	0	0	0	0	0	NA	NA	NA	1	1	1	308.5
transcript:AT5G23155.1	2	0	0	0	0.5548248363147	-2.61467372072485	4.88382944116325	-0.535373675969749	0.592391489214146	0.977839680860975	1	118.5
transcript:AT5G23410.1	127	152	130	146	137.456190854795	-0.0596358764845505	0.291403042911719	-0.204650836479485	0.837844934121272	0.977839680860975	1	199
transcript:AT5G24205.1	19	2	11	11	11.1157846996065	-0.0739711084324457	1.14022227575013	-0.0648742881152549	0.948274092569234	0.99678481497999	1	224
transcript:AT5G24206.1	1	3	7	1	3.02078753732552	1.06249246584116	1.96730034534345	0.540076388618575	0.589144353176381	0.977839680860975	1	115
transcript:AT5G24735.1	697	831	760	732	749.932946342204	-0.0722877988558501	0.152873693275275	-0.472859635344086	0.636313324371452	0.977839680860975	1	135
transcript:AT5G03965.1	202	238	279	204	230.144314104921	0.107128892034014	0.26379872751033	0.406100867297848	0.684668488526272	0.977839680860975	1	146
transcript:AT5G04175.1	28	49	16	36	31.4334501885988	-0.613742776399361	0.629341939556781	-0.975213533093939	0.329454350575456	0.977839680860975	1	47
transcript:AT5G28262.1	7	18	17	33	18.0609433958716	0.971366753656353	0.821998695517021	1.18171325447832	0.237319497298771	0.977839680860975	1	31
transcript:AT5G28824.1	0	0	0	0	0	NA	NA	NA	1	1	1	308.5
transcript:AT5G33399.1	0	2	4	5	2.64661990367592	2.1998338041922	2.19505450192394	1.00217730460181	0.316257967017817	0.977839680860975	1	44
transcript:AT5G33439.1	0	0	0	0	0	NA	NA	NA	1	1	1	308.5
transcript:AT5G34871.1	1	4	5	7	4.10187429628184	1.2606079199912	1.64994828799351	0.764028745121588	0.444850112831476	0.977839680860975	1	71
transcript:AT5G05295.1	0	2	2	7	2.58271321988248	2.16382998531059	2.24521387724655	0.963752276448705	0.335170138328127	0.977839680860975	1	49
transcript:AT5G37485.1	6	6	9	22	10.4237527966398	1.28668149030632	1.05924413887567	1.21471664848866	0.224474180547195	0.977839680860975	1	29
transcript:AT5G38005.1	11	43	29	25	26.2121827834104	0.0259105042379283	0.720808286142187	0.0359464572426089	0.971325052261892	0.99678481497999	1	225
transcript:AT5G05785.1	0	1	0	0	0.229714840391629	-1.45149300576055	4.99064283381827	-0.290842894210892	0.771171477849738	0.977839680860975	1	174
transcript:AT5G05865.1	0	0	0	1	0.228819650589532	1.36813990595467	4.99272633419422	0.274026616797429	0.784064167022792	0.977839680860975	1	182.5
transcript:AT5G40275.1	0	0	0	0	0	NA	NA	NA	1	1	1	308.5
transcript:AT5G40316.1	0	0	0	4	0.915278602358128	3.30797793754783	4.02661251017614	0.821528748839834	0.411345155521525	0.977839680860975	1	62.5
transcript:AT5G06095.1	0	0	0	0	0	NA	NA	NA	1	1	1	308.5
transcript:AT5G43403.1	81	76	95	112	90.3299688927305	0.339643178344229	0.362392549617701	0.9372245061399	0.34864308661866	0.977839680860975	1	52
transcript:AT5G43725.1	0	0	0	0	0	NA	NA	NA	1	1	1	308.5
transcript:AT5G43725.2	105	142	166	168	143.477829293892	0.402115476349407	0.290242982442881	1.3854442679886	0.165916662853871	0.977839680860975	1	18
transcript:AT5G44569.1	21	12	22	50	25.760227230178	1.01605832528005	0.715903965293746	1.41926623477095	0.15582141215722	0.977839680860975	1	17
transcript:AT5G45475.1	309	350	318	315	321.124632894021	-0.100294979163876	0.20515288607155	-0.488879201674485	0.624927221116371	0.977839680860975	1	128
transcript:AT5G06955.1	0	0	0	0	0	NA	NA	NA	1	1	1	308.5
transcript:AT5G48412.1	756	845	765	827	792.558018547407	-0.0546610510108944	0.144265947984998	-0.378890873240429	0.704768901906425	0.977839680860975	1	151
transcript:AT5G49615.1	2	0	0	0	0.5548248363147	-2.61467372072485	4.88382944116325	-0.535373675969749	0.592391489214146	0.977839680860975	1	118.5
transcript:AT5G50190.1	0	0	0	0	0	NA	NA	NA	1	1	1	308.5
transcript:AT5G08125.1	0	0	0	0	0	NA	NA	NA	1	1	1	308.5
transcript:AT5G08575.1	0	0	0	0	0	NA	NA	NA	1	1	1	308.5
transcript:AT5G08615.1	38	39	22	47	35.9920800776583	-0.234846660051403	0.581212325080568	-0.404063454812058	0.686166057842086	0.977839680860975	1	147
transcript:AT5G57735.1	0	0	1	2	0.718412293665314	2.95392688537774	4.04999254269982	0.729366006044195	0.465777806128929	0.977839680860975	1	82
transcript:AT5G08875.1	15	21	13	19	16.7228201841068	-0.21515506625921	0.806812569214711	-0.26667292314078	0.78972100336098	0.977839680860975	1	186
transcript:AT5G09865.1	19	15	13	0	12.1066074531853	-1.36713718785734	2.28126154129017	-0.599289981929977	0.548979527245794	0.977839680860975	1	105
