WT_AGO1.1	WT_AGO1.2	deltaN.1	deltaN.2	baseMean	log2FC	lfcSE	stat	p.value	q.value	q.value_BH	ranking
transcript:AT1G04187.1	4	3	3	6	3.99663024624769	0.50139766177871	1.46787616351871	0.341580355509547	0.732666722948918	0.99594499491367	1	141
transcript:AT1G04193.1	2	2	2	4	2.50344460860391	0.727079980263838	1.94995933156653	0.372869304756078	0.709245718447442	0.99594499491367	1	132
transcript:AT1G03502.1	6	3	3	3	3.70962855431735	-0.444498838021293	1.54104142953402	-0.288440550333355	0.773009531365544	0.99594499491367	1	161
transcript:AT1G03506.1	8	11	3	5	6.54846680556792	-1.09838928508668	1.04843968434598	-1.04764184481614	0.294803650645249	0.99594499491367	1	27
transcript:AT1G04197.1	3	2	7	7	4.84806203571529	1.63107382109127	1.33070086899345	1.22572537457275	0.220302038031889	0.99594499491367	1	17
transcript:AT1G04213.1	2	0	1	1	1.00621459991941	0.120919087874064	3.66082497999204	0.0330305569195299	0.9736502200323	0.99594499491367	1	227
transcript:AT1G03743.1	1	0	1	0	0.508108480372936	0.144899750599242	4.98995786619797	0.029038271361126	0.976834067321904	0.99594499491367	1	232.5
transcript:AT1G03746.1	0	0	0	0	0	NA	NA	NA	1	1	1	264
transcript:AT1G04217.1	16	11	17	13	14.2663478203754	0.300117272007678	0.609187040265288	0.492652095614154	0.622258431436043	0.99594499491367	1	101
transcript:AT1G03935.1	14	11	11	11	11.6702646990957	-0.0374596404594638	0.679831024116551	-0.055101398922097	0.956057681661092	0.99594499491367	1	220
transcript:AT1G04223.1	7	9	11	3	7.46622257302631	-0.0292430551053576	0.966532159149933	-0.0302556462591756	0.975863169521247	0.99594499491367	1	231
transcript:AT1G04227.1	2	4	1	6	3.21074153702152	0.364923472288355	1.73672865423131	0.210121178918346	0.833573096061495	0.99594499491367	1	180
transcript:AT1G04267.1	7	7	6	5	6.18562590724064	-0.196724755176264	1.06010727013916	-0.185570612255532	0.852781501252678	0.99594499491367	1	189
transcript:AT1G04273.1	4	6	5	4	4.70761972245971	0.00487031362768263	1.30185911310723	0.00374104507826376	0.99701508485331	0.99701508485331	1	240
transcript:AT1G04277.1	3	5	3	8	4.72910898835459	0.605351046156979	1.32895944815495	0.455507537869129	0.648744145889471	0.99594499491367	1	112
transcript:AT1G04517.1	0	1	0	0	0.230328251519701	-1.28315394717961	4.99575712265869	-0.256848744979966	0.797295538947809	0.99594499491367	1	170
transcript:AT1G04527.1	0	0	0	0	0	NA	NA	NA	1	1	1	264
transcript:AT1G04547.1	0	1	0	2	0.743613823929021	1.13451618358113	4.78720993794298	0.236989018298334	0.812665309742241	0.99594499491367	1	174.5
transcript:AT1G07702.1	11	30	16	16	17.9385511441235	-0.197469246360373	0.566558739126355	-0.348541523981917	0.727433534769776	0.99594499491367	1	139
transcript:AT1G12013.1	1	2	0	2	1.21540540879054	-0.448111768468447	3.26672704472165	-0.13717453657247	0.890892837497842	0.99594499491367	1	200
transcript:AT1G12015.1	0	0	0	0	0	NA	NA	NA	1	1	1	264
transcript:AT1G05137.1	0	1	1	0	0.496973398550818	0.179277209700468	4.99238352071851	0.035910143713211	0.971354007571937	0.99594499491367	1	225.5
transcript:AT1G05247.1	3	2	1	0	1.45169165009598	-2.16621018761515	3.04958637611851	-0.710329179254886	0.477500029209188	0.99594499491367	1	62
transcript:AT1G05417.1	13	15	14	17	14.689906530154	0.296222861957228	0.590221504208869	0.501884224557837	0.615748962740101	0.99594499491367	1	98
transcript:AT1G05423.1	13	8	12	16	12.2876756892492	0.557370422780856	0.669883539173453	0.83204078050429	0.405385926339481	0.99594499491367	1	45
transcript:AT1G05427.1	19	15	17	20	17.7085503299123	0.26790019500392	0.535901500291291	0.499905663369672	0.617141504331649	0.99594499491367	1	99
transcript:AT1G05433.1	6	8	5	14	8.21763075422935	0.583993326489041	0.894172967413345	0.653110022078179	0.513685351651739	0.99594499491367	1	74
transcript:AT1G19373.1	0	0	0	1	0.25664278620466	1.58416871376329	4.99608591945226	0.317081959618694	0.751181413273051	0.99594499491367	1	154
transcript:AT1G19376.1	0	0	1	0	0.266645147031116	1.61197570128853	4.99411671902775	0.32277493538484	0.746865696500465	0.99594499491367	1	146.5
transcript:AT1G20015.1	2	1	2	0	1.24654521226557	-0.423114731646201	3.22363915775266	-0.131253751099479	0.89557457646997	0.99594499491367	1	203.5
transcript:AT1G05563.1	16	19	21	21	19.2286967102947	0.414275102628131	0.511480179398682	0.809953384929148	0.417966967691986	0.99594499491367	1	50
transcript:AT1G05907.1	0	0	0	0	0	NA	NA	NA	1	1	1	264
transcript:AT1G05917.1	3	8	6	0	4.16688689436977	-0.691346179317931	1.60977525327104	-0.429467515985927	0.667583028876434	0.99594499491367	1	117
transcript:AT1G26233.1	0	1	3	2	1.54354926502237	2.48441344048365	2.96150996215272	0.838900922918974	0.401524909862419	0.99594499491367	1	43
transcript:AT1G05993.1	1	2	0	0	0.702119836381222	-2.86766658780418	4.8572275476	-0.590391650319352	0.554928107134868	0.99594499491367	1	85
transcript:AT1G05997.1	5	2	0	0	1.6679731697485	-4.11408431951344	2.99545069636274	-1.37344417803605	0.169614303777786	0.99594499491367	1	10
transcript:AT1G06033.1	8	8	6	5	6.65741749210216	-0.389457415595112	1.00548035946529	-0.387334682302719	0.69850845276798	0.99594499491367	1	127
transcript:AT1G06087.1	10	0	0	0	2.41463333341819	-4.64830145304231	4.80595512063238	-0.967196183977404	0.333445969483006	0.99594499491367	1	35
transcript:AT1G29071.1	4	0	1	5	2.51571241142169	0.692274916369181	2.16277940386004	0.320085772563599	0.748903310605932	0.99594499491367	1	149
transcript:AT1G06233.1	29	44	16	31	29.3591284586219	-0.486074695726243	0.441576394354076	-1.10077146772589	0.270996132661739	0.99594499491367	1	26
transcript:AT1G06237.1	31	46	28	20	30.6793827444671	-0.525347048295875	0.423109910655985	-1.2416325759928	0.214372156888159	0.99594499491367	1	16
transcript:AT1G06243.1	42	38	27	34	34.8192072589036	-0.244567914166036	0.389482079981812	-0.627931108351525	0.530049071162133	0.99594499491367	1	79
transcript:AT1G06247.1	16	15	16	17	15.9475868242417	0.23864022707814	0.562726790393938	0.424078311450356	0.671508702224547	0.99594499491367	1	118
transcript:AT1G06253.1	63	102	84	95	85.4849286956006	0.27191682862207	0.332211255367655	0.818505767726447	0.413068449975125	0.99594499491367	1	47
transcript:AT1G06263.1	12	12	13	10	11.6943137917894	0.0903512688774327	0.678839894278602	0.133096580856445	0.894116999171631	0.99594499491367	1	202
transcript:AT1G06267.1	3	7	2	9	5.17976313056754	0.283775723502376	1.28071845856362	0.221575414647058	0.82464442303998	0.99594499491367	1	177
transcript:AT1G06273.1	2	9	1	12	5.90223951184798	0.388582402853521	1.26433778292739	0.307340655401292	0.758584093596776	0.99594499491367	1	159
transcript:AT1G06277.1	1	7	6	6	4.99348869339439	0.752859619525401	1.32093706975356	0.569943592896409	0.568715956748202	0.99594499491367	1	89
transcript:AT1G06283.1	22	35	24	22	25.4193069619589	-0.154228512826166	0.452675277619901	-0.340704519224192	0.733326036172178	0.99594499491367	1	142
transcript:AT1G06397.1	70	80	73	107	82.2545673126736	0.410213578773276	0.326412737077252	1.2567327563452	0.208850422604156	0.99594499491367	1	15
transcript:AT1G06453.1	18	33	22	32	26.0259346935366	0.234981879840389	0.45793094930139	0.513138236668373	0.607854626253731	0.99594499491367	1	97
transcript:AT1G06457.1	2	11	2	11	6.37289837571384	0.1529681354477	1.16627266265632	0.13115983967188	0.895648864743544	0.99594499491367	1	205
transcript:AT1G06463.1	16	17	8	8	11.9652970751902	-0.894235968556633	0.681561796984364	-1.3120394548422	0.189506822530377	0.99594499491367	1	12
transcript:AT1G06467.1	0	0	0	0	0	NA	NA	NA	1	1	1	264
transcript:AT1G06547.1	9	13	8	4	8.32716959090006	-0.715073062117892	0.877254722708643	-0.815125919083121	0.415000236733793	0.99594499491367	1	48
transcript:AT1G32385.1	6	4	3	7	4.96652795065569	0.136277747898693	1.27089851592421	0.107229449237016	0.914606953001302	0.99594499491367	1	208
transcript:AT1G06553.1	2	5	1	4	2.9277842161319	-0.336590958975561	1.8151026693097	-0.185439074420826	0.852884662900034	0.99594499491367	1	190
transcript:AT1G06667.1	0	0	0	0	0	NA	NA	NA	1	1	1	264
transcript:AT1G06673.1	0	0	0	0	0	NA	NA	NA	1	1	1	264
transcript:AT1G07393.1	0	0	0	0	0	NA	NA	NA	1	1	1	264
transcript:AT1G07487.1	0	0	0	0	0	NA	NA	NA	1	1	1	264
transcript:AT1G07593.1	0	0	0	0	0	NA	NA	NA	1	1	1	264
transcript:AT1G07897.1	37	32	26	23	29.140205287794	-0.344933417440834	0.420410946300556	-0.820467260608001	0.411949785681269	0.99594499491367	1	46
transcript:AT1G07903.1	14	21	18	11	15.8400632435106	-0.113542080858142	0.579771866071757	-0.195839238677527	0.844735996676734	0.99594499491367	1	185
transcript:AT1G07957.1	1	0	1	0	0.508108480372936	0.144899750599242	4.98995786619797	0.029038271361126	0.976834067321904	0.99594499491367	1	232.5
transcript:AT1G08107.1	3	1	0	0	0.954718251545159	-3.30916996483306	4.09086152793355	-0.808917618510702	0.418562533951004	0.99594499491367	1	51
transcript:AT1G08113.1	0	0	0	0	0	NA	NA	NA	1	1	1	264
transcript:AT1G08117.1	0	0	0	0	0	NA	NA	NA	1	1	1	264
transcript:AT1G08123.1	3	0	1	0	0.991035147056574	-1.44902244994276	4.08351670012407	-0.354846706001896	0.722704435956298	0.99594499491367	1	136
transcript:AT1G08327.1	0	0	1	0	0.266645147031116	1.61197570128853	4.99411671902775	0.32277493538484	0.746865696500465	0.99594499491367	1	146.5
transcript:AT1G08347.1	0	0	0	0	0	NA	NA	NA	1	1	1	264
transcript:AT1G08353.1	0	0	0	0	0	NA	NA	NA	1	1	1	264
transcript:AT1G08643.1	5	4	7	7	5.79164520543834	0.784544815552237	1.12422980302417	0.697850931759516	0.485270423440734	0.99594499491367	1	69
transcript:AT1G08937.1	4	2	0	5	2.70972376742998	-0.145160800505933	2.03489234651463	-0.0713358624374234	0.94313045382269	0.99594499491367	1	215
transcript:AT1G09027.1	75	69	59	89	72.5756710025464	0.183861495867572	0.33096628732907	0.555529378388816	0.578532621181281	0.99594499491367	1	90
transcript:AT1G09083.1	16	9	9	13	11.672530141087	-0.0441393157871674	0.694293083068816	-0.063574471449534	0.949309059442732	0.99594499491367	1	217
transcript:AT1G09087.1	10	6	5	4	6.15639972251062	-0.685108244038473	1.08536161170165	-0.631225793000316	0.527892899395594	0.99594499491367	1	78
transcript:AT1G09333.1	99	180	123	151	136.914369076117	0.129714160013597	0.369288486138273	0.351254276487322	0.725397594192886	0.99594499491367	1	138
transcript:AT1G74453.1	45	48	43	38	43.1397732714426	-0.048027065863301	0.358394354780571	-0.134006200774858	0.893397671154483	0.99594499491367	1	201
transcript:AT1G74456.1	45	39	39	42	41.0268095644595	0.0949345432326072	0.365138060528556	0.259996295908415	0.794866630810899	0.99594499491367	1	168
transcript:AT1G09467.1	22	30	35	38	31.3070469009772	0.641181013457922	0.408871330650046	1.56817307889633	0.116840745326645	0.99594499491367	1	7
transcript:AT1G09533.1	17	13	14	8	12.88531828464	-0.296543030517699	0.653341901483197	-0.453886441148954	0.649910563047391	0.99594499491367	1	113
transcript:AT1G75163.1	8	6	9	3	6.48341085774679	-0.0668149942304672	1.05869671444726	-0.0631106088445273	0.949678426504966	0.99594499491367	1	219
transcript:AT1G75166.1	18	21	21	24	20.9422082386318	0.356423687286928	0.489239564324718	0.72852588645174	0.466291728276941	0.99594499491367	1	59
transcript:AT1G09787.1	0	1	2	4	1.79018969040057	2.73398694846121	2.75559636722616	0.992157988367975	0.321120462691814	0.99594499491367	1	34
transcript:AT1G09867.1	6	10	12	10	9.51823214166792	0.615862263748825	0.787006793663881	0.782537417347697	0.433898804426646	0.99594499491367	1	54
transcript:AT1G09873.1	0	1	3	0	1.03026369261305	1.768845032725	3.99967818555232	0.442246838536771	0.658310595595913	0.99594499491367	1	115
transcript:AT1G09877.1	10	4	7	4	6.22903351353345	-0.204020171407954	1.09138036667425	-0.186937732836135	0.851709454123108	0.99594499491367	1	188
transcript:AT1G09883.1	3	5	8	9	6.31897750971483	1.24096614897756	1.07397787599431	1.15548576624881	0.247891558100632	0.99594499491367	1	22
transcript:AT2G05765.1	21	18	18	17	18.3791785395721	-0.00769024751909536	0.523626790212942	-0.0146865050888019	0.988282285578012	0.99594499491367	1	237
transcript:AT2G04955.1	47	31	28	43	36.9906563878479	0.00556864299469802	0.398774211922554	0.0139644009773117	0.988858382171445	0.99594499491367	1	238
transcript:AT2G04965.1	25	15	18	15	18.140761545971	-0.131902575732582	0.541059348588062	-0.243785780759157	0.807396733449209	0.99594499491367	1	173
transcript:AT2G05525.1	0	0	0	0	0	NA	NA	NA	1	1	1	264
transcript:AT2G05565.1	0	0	0	0	0	NA	NA	NA	1	1	1	264
transcript:AT2G06855.1	1	0	0	3	1.0113916919558	1.68831929713421	4.03755664515719	0.418153711641234	0.675834736447833	0.99594499491367	1	120
transcript:AT2G06865.1	0	0	5	4	2.35979687997422	4.76512112112057	2.49780155984035	1.90772605707922	0.0564266320665192	0.99594499491367	1	5
transcript:AT2G17295.1	0	0	1	0	0.266645147031116	1.61197570128853	4.99411671902775	0.32277493538484	0.746865696500465	0.99594499491367	1	146.5
transcript:AT2G20721.1	17	17	17	19	17.4296373800634	0.231131984596161	0.536602107373571	0.430732532392483	0.666662861165157	0.99594499491367	1	116
transcript:AT2G20722.1	11	8	3	14	8.89165712687621	-0.0269698136384725	0.873458600459046	-0.0308770371306649	0.975367602904966	0.99594499491367	1	228
transcript:AT2G20723.1	9	8	8	11	8.97202783673417	0.305892628615706	0.81012914433459	0.377585019320537	0.705738895110123	0.99594499491367	1	130
transcript:AT2G07605.1	0	2	0	4	1.48722764785804	1.15233075744679	3.17993982958377	0.362375019403316	0.717071804415227	0.99594499491367	1	134
transcript:AT2G07615.1	0	3	0	0	0.690984754559104	-2.84610663746511	4.85831057365613	-0.58582229240303	0.557994941471039	0.99594499491367	1	86
transcript:AT2G08370.1	0	0	0	0	0	NA	NA	NA	1	1	1	264
transcript:AT2G08375.1	1	0	0	0	0.241463333341819	-1.317517625577	4.9933345594327	-0.263855267436093	0.791891445827813	0.99594499491367	1	164.5
transcript:AT2G08390.1	0	0	0	0	0	NA	NA	NA	1	1	1	264
transcript:AT2G08580.1	1	0	1	8	2.56125077001021	3.29051584229838	2.4107439329237	1.36493793362272	0.172272558375998	0.99594499491367	1	11
transcript:AT2G08585.1	3	0	5	5	3.34082966620434	1.86501141140862	1.82113095234468	1.02409516954695	0.305790325754955	0.99594499491367	1	30
transcript:AT2G35382.1	0	0	0	1	0.25664278620466	1.58416871376329	4.99608591945226	0.317081959618694	0.751181413273051	0.99594499491367	1	154
transcript:AT2G35384.1	0	0	0	0	0	NA	NA	NA	1	1	1	264
transcript:AT2G35387.1	0	0	1	0	0.266645147031116	1.61197570128853	4.99411671902775	0.32277493538484	0.746865696500465	0.99594499491367	1	146.5
transcript:AT2G08725.1	0	0	1	1	0.523287933235776	2.59241074963518	4.89227012801087	0.529899347706136	0.596181718453777	0.99594499491367	1	96
transcript:AT2G35742.1	1	1	2	0	1.00508187892375	0.172672067419007	3.66300784813587	0.0471394205466637	0.962402109191352	0.99594499491367	1	223
transcript:AT2G08755.1	0	3	2	1	1.480917834826	0.185846616034791	2.91332177589037	0.0637919977026886	0.94913585019023	0.99594499491367	1	216
transcript:AT2G08760.1	9	8	4	14	8.67537560722369	0.2200643442514	0.868456188208245	0.253397174479723	0.799961310865677	0.99594499491367	1	172
transcript:AT2G08765.1	43	42	32	45	40.1382799817311	0.00381903618979619	0.371380808809054	0.0102833428632004	0.99179522410153	0.99594499491367	1	239
transcript:AT2G35744.1	38	36	41	35	37.3823722671372	0.188820051660483	0.378080141124284	0.499418062792178	0.617484896874702	0.99594499491367	1	100
transcript:AT2G35747.1	33	61	21	34	36.3437161615937	-0.620372339203367	0.414651998805554	-1.49612769500789	0.134620382058143	0.99594499491367	1	8
transcript:AT2G08770.1	73	74	78	44	66.7617180078428	-0.113649151021306	0.35133479862285	-0.323478207871192	0.746333108757242	0.99594499491367	1	144
transcript:AT2G08860.1	15	6	7	8	8.92357782810059	-0.347369147521615	0.843727978691903	-0.411707512722487	0.680553817790005	0.99594499491367	1	121
transcript:AT2G08900.1	0	2	0	0	0.460656503039402	-2.2621458219382	4.89460148643389	-0.462171604411118	0.643958264527577	0.99594499491367	1	109.5
transcript:AT2G08905.1	0	3	1	1	1.21427268779488	-0.405720611750284	3.29327926321622	-0.123196540385117	0.901951465073797	0.99594499491367	1	206.5
transcript:AT2G08910.1	1	1	4	1	1.79501495919065	1.48556846951251	2.48884933452558	0.596889674639821	0.550581041416686	0.99594499491367	1	84
transcript:AT2G43137.1	1	0	0	0	0.241463333341819	-1.317517625577	4.9933345594327	-0.263855267436093	0.791891445827813	0.99594499491367	1	164.5
transcript:AT2G43138.1	0	0	3	0	0.799935441093349	3.20302823813747	4.85543141746634	0.659679431701019	0.509459568630593	0.99594499491367	1	72.5
transcript:AT2G43139.1	0	1	0	0	0.230328251519701	-1.28315394717961	4.99575712265869	-0.256848744979966	0.797295538947809	0.99594499491367	1	170
transcript:AT2G43141.1	0	0	0	1	0.25664278620466	1.58416871376329	4.99608591945226	0.317081959618694	0.751181413273051	0.99594499491367	1	154
transcript:AT2G09460.1	5	8	13	23	12.4191136729784	1.61745585304543	0.706417490851503	2.28965997302215	0.0220410354576944	0.99594499491367	1	2
transcript:AT2G09465.1	18	13	8	18	14.0933385978417	-0.114228080890808	0.628346409135085	-0.181791571066734	0.855746299615564	0.99594499491367	1	192
transcript:AT2G09680.1	3	3	4	0	2.48195534270903	-0.41412931905885	2.12158342213648	-0.195198225409309	0.845237768258408	0.99594499491367	1	186
transcript:AT2G09685.1	13	18	9	7	11.4812376875109	-0.799124325047798	0.701846123961925	-1.1386033174006	0.254868644153244	0.99594499491367	1	24
transcript:AT2G09690.1	26	15	11	11	15.4891377052764	-0.754824760614053	0.597483532594944	-1.26333985697607	0.206467068237583	0.99594499491367	1	14
transcript:AT2G09695.1	7	10	12	7	8.98976711639576	0.318740759265108	0.8199253145774	0.388743649693742	0.697465789296868	0.99594499491367	1	126
transcript:AT2G09700.1	24	14	4	2	10.5995816820133	-2.51738440787891	0.873424229538909	-2.88220125197107	0.00394907416939852	0.947777800655644	1	1
transcript:AT2G09705.1	1	3	2	1	1.72238116816782	-0.244291548601814	2.47746444052096	-0.0986054712254294	0.921451525785624	0.99594499491367	1	211
transcript:AT2G09815.1	0	0	0	0	0	NA	NA	NA	1	1	1	264
transcript:AT3G01313.1	2	1	0	0	0.71325491820334	-2.88893979933285	4.82579649411916	-0.598645177610242	0.549409522617841	0.99594499491367	1	82.5
transcript:AT3G01316.1	2	1	0	0	0.71325491820334	-2.88893979933285	4.82579649411916	-0.598645177610242	0.549409522617841	0.99594499491367	1	82.5
transcript:AT3G00985.1	6	1	1	2	2.45903897101105	-1.09993302622909	2.06865453028847	-0.531714218166581	0.594923942906725	0.99594499491367	1	94
transcript:AT3G01145.1	12	5	8	4	7.20893357876791	-0.357219582771581	0.987713506244428	-0.361663154865455	0.717603763914246	0.99594499491367	1	135
transcript:AT3G01155.1	23	10	11	8	12.8431780890384	-0.653856400794171	0.680384822799329	-0.961009679939639	0.336547300732276	0.99594499491367	1	36
transcript:AT3G02045.1	13	11	12	13	12.2087320851943	0.206071698210285	0.659423057317424	0.31250302203353	0.754658266734708	0.99594499491367	1	158
transcript:AT3G02205.1	33	30	19	10	22.5108232015089	-0.966683096913915	0.498157142350019	-1.94051839215566	0.0523167211783943	0.99594499491367	1	4
transcript:AT3G02385.1	0	2	1	0	0.727301650070519	-0.799887483067957	4.84616830124037	-0.165055654972451	0.868900176398387	0.99594499491367	1	197.5
transcript:AT3G02435.1	7	3	7	8	6.30088640680693	0.724227111215546	1.07180552239201	0.675707575754273	0.499226325123233	0.99594499491367	1	70
transcript:AT3G02445.1	7	7	5	7	6.43226633261884	-0.0759998638520579	1.02922099331447	-0.0738421236505389	0.941136008671051	0.99594499491367	1	214
transcript:AT3G13525.1	0	0	0	0	0	NA	NA	NA	1	1	1	264
transcript:AT3G02725.1	1	1	0	0	0.471791584861521	-2.29337633961203	4.89227489587511	-0.468775035831628	0.639230445775424	0.99594499491367	1	105
transcript:AT3G02795.1	3	2	0	0	1.18504650306486	-3.62161439193821	3.59744513223336	-1.00671845123871	0.314070092727746	0.99594499491367	1	31
transcript:AT3G14475.1	9	9	5	13	8.91570621956985	0.141353582175089	0.834838158686828	0.169318544803263	0.865546089934188	0.99594499491367	1	195
transcript:AT3G03175.1	2	0	0	2	0.996212239092958	0.0959463178701751	4.00024306474148	0.0239851219831752	0.980864476231639	0.99594499491367	1	234
transcript:AT3G03415.1	0	0	0	0	0	NA	NA	NA	1	1	1	264
transcript:AT3G03425.1	0	0	0	0	0	NA	NA	NA	1	1	1	264
transcript:AT3G03445.1	0	2	0	0	0.460656503039402	-2.2621458219382	4.89460148643389	-0.462171604411118	0.643958264527577	0.99594499491367	1	109.5
transcript:AT3G03585.1	4	4	2	0	2.42045663350832	-1.833299689525	2.1952218243329	-0.835131861939338	0.403643468867425	0.99594499491367	1	44
transcript:AT3G21805.1	1	8	3	12	5.9637382210487	0.892068972276341	1.2254245036269	0.727967304094279	0.466633601220853	0.99594499491367	1	60
transcript:AT3G04155.1	4	9	4	6	5.64524490239701	-0.22301359410568	1.15637270487018	-0.192856155430197	0.847071623237023	0.99594499491367	1	187
transcript:AT3G04165.1	10	11	9	13	10.6844066440755	0.214518168463058	0.7203438402057	0.297799684664203	0.765856055241431	0.99594499491367	1	160
transcript:AT3G04175.1	5	10	8	12	8.72347379261096	0.567934757339217	0.842310615801597	0.674258102278259	0.500147236063561	0.99594499491367	1	71
transcript:AT3G24612.1	0	1	0	0	0.230328251519701	-1.28315394717961	4.99575712265869	-0.256848744979966	0.797295538947809	0.99594499491367	1	170
transcript:AT3G24614.1	0	0	0	0	0	NA	NA	NA	1	1	1	264
transcript:AT3G24615.1	0	0	4	0	1.06658058812447	3.61805338802523	4.23304327901719	0.854716843071174	0.392707923813966	0.99594499491367	1	42
transcript:AT3G04985.1	0	2	0	0	0.460656503039402	-2.2621458219382	4.89460148643389	-0.462171604411118	0.643958264527577	0.99594499491367	1	109.5
transcript:AT3G27865.1	9	2	2	5	4.45033072820131	-0.528609692727229	1.43585075525218	-0.368150861636305	0.712760747828008	0.99594499491367	1	133
transcript:AT3G05325.1	5	8	4	2	4.62980883940049	-0.953673332712827	1.35343909719732	-0.704629661347657	0.481040734704739	0.99594499491367	1	64
transcript:AT3G05335.1	3	9	18	15	11.4465987033328	1.61914428704147	0.747524273160913	2.16600897813647	0.0303105008762629	0.99594499491367	1	3
transcript:AT3G05355.1	5	21	10	14	12.3036604257992	0.0453443673097109	0.716460106608133	0.0632894516965925	0.94953601525151	0.99594499491367	1	218
transcript:AT3G05715.1	0	5	3	4	2.9781478435105	0.658399265723292	1.91808896529781	0.343257939352708	0.731404420142271	0.99594499491367	1	140
transcript:AT3G07715.1	9	7	3	3	5.35533156042161	-1.26901731473064	1.2229726070208	-1.03764982751495	0.299433111171094	0.99594499491367	1	28
transcript:AT3G47342.1	18	17	12	13	14.7980182610216	-0.337133829262861	0.588853848662016	-0.572525474748771	0.566966032418012	0.99594499491367	1	88
transcript:AT3G07725.1	29	33	21	26	26.8755294960375	-0.250343458983633	0.433723657980793	-0.577195765961006	0.563807216966298	0.99594499491367	1	87
transcript:AT3G07735.1	26	13	20	23	20.5080009599729	0.2823437559794	0.515918277038397	0.547264496230255	0.58419703179188	0.99594499491367	1	92
transcript:AT3G47347.1	29	41	29	44	35.4708868361279	0.210157768781328	0.396211783628103	0.530417765107635	0.595822311506627	0.99594499491367	1	95
transcript:AT3G47348.1	57	48	56	70	57.7162893414981	0.40853816487192	0.336242159435671	1.21501172118804	0.224361620940362	0.99594499491367	1	18
transcript:AT3G08165.1	9	13	22	8	13.0867727941543	0.609590933278275	0.678022655514417	0.899071628831896	0.36861450882706	0.99594499491367	1	39
transcript:AT3G50825.1	22	46	22	24	27.9329130070227	-0.406957881152468	0.452231520891179	-0.899888358844396	0.368179665807849	0.99594499491367	1	38
transcript:AT3G08210.1	0	0	0	0	0	NA	NA	NA	1	1	1	264
transcript:AT3G08275.1	0	1	0	2	0.743613823929021	1.13451618358113	4.78720993794298	0.236989018298334	0.812665309742241	0.99594499491367	1	174.5
transcript:AT3G08485.1	4	8	0	5	4.09169327654819	-1.12341938363573	1.60834399850704	-0.698494466779837	0.48486801703934	0.99594499491367	1	68
transcript:AT3G58193.1	0	0	0	0	0	NA	NA	NA	1	1	1	264
transcript:AT3G58196.1	0	0	0	0	0	NA	NA	NA	1	1	1	264
transcript:AT3G09225.1	1	0	0	0	0.241463333341819	-1.317517625577	4.9933345594327	-0.263855267436093	0.791891445827813	0.99594499491367	1	164.5
transcript:AT3G09865.1	0	2	2	0	0.993946797101635	0.203201216324871	4.00529902540274	0.0507330950913056	0.959538204527037	0.99594499491367	1	222
transcript:AT4G03915.1	4	1	0	13	4.53253780554756	1.48928961707988	1.64909569436308	0.903094721652935	0.366475625161158	0.99594499491367	1	37
transcript:AT4G03925.1	4	0	4	0	2.03243392149174	0.144058039377374	2.63873199005357	0.0545936608645314	0.956462189125909	0.99594499491367	1	221
transcript:AT4G02555.1	0	0	0	0	0	NA	NA	NA	1	1	1	264
transcript:AT4G04205.1	0	0	0	0	0	NA	NA	NA	1	1	1	264
transcript:AT4G04465.1	2	0	0	0	0.482926666683639	-2.32406330725067	4.89003628648413	-0.475265043262418	0.634598071680433	0.99594499491367	1	102
transcript:AT4G03295.1	3	0	0	0	0.724390000025458	-2.90995960931151	4.8551487968375	-0.599355391786751	0.548935917189702	0.99594499491367	1	81
transcript:AT4G04475.1	1	1	0	0	0.471791584861521	-2.29337633961203	4.89227489587511	-0.468775035831628	0.639230445775424	0.99594499491367	1	105
transcript:AT4G04485.1	0	1	0	1	0.486971037724361	0.15145617949631	4.99435456236649	0.0303254760159729	0.975807478990821	0.99594499491367	1	229.5
transcript:AT4G05045.1	0	0	0	0	0	NA	NA	NA	1	1	1	264
transcript:AT4G05055.1	0	0	0	0	0	NA	NA	NA	1	1	1	264
transcript:AT4G05048.1	1	0	0	0	0.241463333341819	-1.317517625577	4.9933345594327	-0.263855267436093	0.791891445827813	0.99594499491367	1	164.5
transcript:AT4G06010.1	1	1	4	0	1.53837217298599	1.17338043258772	2.90735185354457	0.403590790415395	0.686513659124579	0.99594499491367	1	122
transcript:AT4G06015.1	1	0	0	0	0.241463333341819	-1.317517625577	4.9933345594327	-0.263855267436093	0.791891445827813	0.99594499491367	1	164.5
transcript:AT4G13245.1	1	1	0	0	0.471791584861521	-2.29337633961203	4.89227489587511	-0.468775035831628	0.639230445775424	0.99594499491367	1	105
transcript:AT4G06240.1	9	7	5	6	6.65855021309782	-0.395800401493177	1.00765871857637	-0.39279211720846	0.694473027265146	0.99594499491367	1	125
transcript:AT4G06245.1	2	3	6	6	4.3136390206574	1.41699508646627	1.42399308652548	0.995085650256718	0.319694609169869	0.99594499491367	1	33
transcript:AT4G06250.1	1	5	8	3	4.29619412580324	1.05025526112817	1.47902467209914	0.710099892814883	0.477642192787465	0.99594499491367	1	63
transcript:AT4G06255.1	0	9	4	0	3.13953485180178	-0.961043554605965	4.30259662404468	-0.223363619363074	0.823252516606496	0.99594499491367	1	176
transcript:AT4G06305.1	2	8	6	2	4.43870913343727	-0.145881256631819	1.42867306708414	-0.102109614853703	0.91866966935761	0.99594499491367	1	210
transcript:AT4G06310.1	1	2	5	2	2.54863114394612	1.3895722127484	1.98885581203754	0.698679212609593	0.484752527743663	0.99594499491367	1	67
transcript:AT4G06315.1	0	3	1	1	1.21427268779488	-0.405720611750284	3.29327926321622	-0.123196540385117	0.901951465073797	0.99594499491367	1	206.5
transcript:AT4G06320.1	0	1	1	0	0.496973398550818	0.179277209700468	4.99238352071851	0.035910143713211	0.971354007571937	0.99594499491367	1	225.5
transcript:AT4G15258.1	6	10	12	6	8.49166099684929	0.331356816033761	0.862219271588124	0.384306900753255	0.700750993929819	0.99594499491367	1	128
transcript:AT4G06705.1	0	14	9	7	7.42090134798848	0.377772425817607	2.25252570829015	0.167710594568249	0.866810960989584	0.99594499491367	1	196
transcript:AT4G07075.1	0	0	0	0	0	NA	NA	NA	1	1	1	264
transcript:AT4G25631.1	0	0	0	1	0.25664278620466	1.58416871376329	4.99608591945226	0.317081959618694	0.751181413273051	0.99594499491367	1	154
transcript:AT4G26365.1	0	0	0	1	0.25664278620466	1.58416871376329	4.99608591945226	0.317081959618694	0.751181413273051	0.99594499491367	1	154
transcript:AT4G07625.1	2	0	0	1	0.739569452888299	-0.889305943592861	4.80214834253506	-0.185189186205646	0.85308065055257	0.99594499491367	1	191
transcript:AT4G07635.1	0	0	0	0	0	NA	NA	NA	1	1	1	264
transcript:AT4G08125.1	0	1	1	3	1.2669017571648	2.14594013364775	3.29993548720788	0.650297601867197	0.515500005851811	0.99594499491367	1	75
transcript:AT4G08155.1	2	4	3	1	2.46081790006045	-0.415886894109334	1.99153460022879	-0.208827350557483	0.834583019366016	0.99594499491367	1	182
transcript:AT4G08165.1	1	2	4	3	2.53862878311967	1.3829690738323	1.97380415675651	0.700661749595707	0.48351413235113	0.99594499491367	1	66
transcript:AT4G08175.1	1	4	3	0	1.96271178051397	-0.548349314907448	2.4797148822265	-0.221134017800907	0.824988083464954	0.99594499491367	1	178
transcript:AT4G08235.1	7	8	4	8	6.65259222331209	-0.176976356756219	1.01371353746232	-0.174582216983362	0.861407922766948	0.99594499491367	1	193
transcript:AT4G08325.1	0	0	0	0	0	NA	NA	NA	1	1	1	264
transcript:AT4G08425.1	37	36	36	26	33.4978981227979	-0.0837558115546705	0.398772811570431	-0.210033906837396	0.833641209393561	0.99594499491367	1	181
transcript:AT4G08615.1	1	0	0	1	0.498106119546479	0.117074951445894	4.99193006489683	0.0234528428731731	0.981289054062089	0.99594499491367	1	235
transcript:AT4G08625.1	3	4	2	0	2.1789933001665	-1.6354991564915	2.32329613770751	-0.703956387628362	0.481459933922833	0.99594499491367	1	65
transcript:AT4G09475.1	1	3	8	1	3.32225205035451	1.34940900146126	1.78283258127472	0.756890476219835	0.44911548158899	0.99594499491367	1	58
transcript:AT4G39361.1	19	42	17	20	23.9274131209442	-0.564250007987828	0.49014365803155	-1.15119312214279	0.249652794124606	0.99594499491367	1	23
transcript:AT4G09845.1	16	22	14	7	14.4601664287708	-0.697533359563874	0.620704519421573	-1.12377683380475	0.261107711629926	0.99594499491367	1	25
transcript:AT4G39363.1	34	33	36	28	32.5958089406227	0.0852214706772046	0.400494774678397	0.212790468354147	0.831490398643431	0.99594499491367	1	179
transcript:AT4G39364.1	22	32	31	23	26.8514810228223	0.155858558546081	0.442076559833559	0.352560105436852	0.724418250566727	0.99594499491367	1	137
transcript:AT4G39366.1	30	29	35	31	31.2119258127594	0.312016983230336	0.405222161542507	0.769989928592804	0.441305866961564	0.99594499491367	1	56
transcript:AT5G00750.1	3	1	1	0	1.22136339857628	-1.85167317678222	3.36072106757343	-0.550974966250086	0.581650835575551	0.99594499491367	1	91
transcript:AT5G00755.1	0	1	4	0	1.29690883964417	2.18339709493437	3.54128673511628	0.616554732290743	0.537528460480033	0.99594499491367	1	80
transcript:AT5G00760.1	4	1	2	4	2.75604302376785	0.389568502348936	1.87505778918119	0.20776346446317	0.835413661223168	0.99594499491367	1	183
transcript:AT5G00765.1	2	1	2	0	1.24654521226557	-0.423114731646201	3.22363915775266	-0.131253751099479	0.89557457646997	0.99594499491367	1	203.5
transcript:AT5G01135.1	0	0	2	0	0.533290294062233	2.61730408047131	4.89045048452635	0.535186704937021	0.592520758782971	0.99594499491367	1	93
transcript:AT5G01145.1	0	0	0	0	0	NA	NA	NA	1	1	1	264
transcript:AT5G01165.1	3	1	6	2	3.06787470614118	1.14901401425573	1.79532100658957	0.640004773540984	0.522169495994384	0.99594499491367	1	77
transcript:AT5G01195.1	4	2	12	1	4.88289438698474	1.27651585561756	1.43552087823574	0.889235311705393	0.373876628841642	0.99594499491367	1	41
transcript:AT5G01495.1	1	4	0	4	2.18934748423926	-0.177617271921584	2.32306003444871	-0.0764583219063191	0.939054471173103	0.99594499491367	1	213
transcript:AT5G01505.1	3	3	0	0	1.41537475458456	-3.87835514860993	3.2539115546703	-1.19190552153865	0.233298292916825	0.99594499491367	1	20
transcript:AT5G01515.1	0	2	0	1	0.717299289244062	-0.827551698827637	4.88327763348094	-0.169466444658756	0.865429763871815	0.99594499491367	1	194
transcript:AT5G01785.1	4	4	0	4	2.91373748426472	-0.871017474018094	1.93419042466537	-0.450326639461463	0.652474933223078	0.99594499491367	1	114
transcript:AT5G10572.1	13	6	3	2	5.83421385606453	-1.78386319314165	1.21004550806649	-1.47421165671038	0.14042461230614	0.99594499491367	1	9
transcript:AT5G13225.1	1	3	4	2	2.51231424843471	0.754681192800164	1.97261737391012	0.382578599773882	0.702032240136066	0.99594499491367	1	129
transcript:AT5G02295.1	0	0	0	0	0	NA	NA	NA	1	1	1	264
transcript:AT5G02305.1	1	0	0	0	0.241463333341819	-1.317517625577	4.9933345594327	-0.263855267436093	0.791891445827813	0.99594499491367	1	164.5
transcript:AT5G02315.1	0	1	2	1	1.02026133178659	1.75184896127203	3.69054280923524	0.474685988437309	0.635010806345323	0.99594499491367	1	103
transcript:AT5G02325.1	2	2	6	7	4.33995355534236	1.8484016850252	1.45133967476734	1.27358310198576	0.202811204024071	0.99594499491367	1	13
transcript:AT5G02565.1	10	17	4	18	12.0163643490615	-0.15128822097888	0.731824452025688	-0.206727474820109	0.836222699061693	0.99594499491367	1	184
transcript:AT5G02575.1	13	14	17	6	12.4364430714764	-0.0726982690562775	0.686232060721667	-0.105938316230555	0.915631293151239	0.99594499491367	1	209
transcript:AT5G02655.1	0	1	1	2	1.01025897096014	1.73555539567627	3.70842094071679	0.468003881819523	0.639781813738231	0.99594499491367	1	107
transcript:AT5G02665.1	2	3	2	2	2.22048728771429	-0.166960879359205	2.07994883784382	-0.0802716279946027	0.936021222959182	0.99594499491367	1	212
transcript:AT5G02675.1	2	0	2	0	1.01621696074587	0.143948596107222	3.95583368759773	0.036388940353718	0.970972232659571	0.99594499491367	1	224
transcript:AT5G02915.1	0	1	0	1	0.486971037724361	0.15145617949631	4.99435456236649	0.0303254760159729	0.975807478990821	0.99594499491367	1	229.5
transcript:AT5G04425.1	6	6	3	2	4.14397052267179	-1.11004606044232	1.45322605945835	-0.763849542345849	0.444956909328775	0.99594499491367	1	57
transcript:AT5G04545.1	5	13	5	11	8.35788031987205	-0.0167665718558616	0.888805321378345	-0.0188641668232367	0.984949465183791	0.99594499491367	1	236
transcript:AT5G04945.1	0	0	0	0	0	NA	NA	NA	1	1	1	264
transcript:AT5G05375.1	0	0	0	0	0	NA	NA	NA	1	1	1	264
transcript:AT5G05385.1	0	0	0	0	0	NA	NA	NA	1	1	1	264
transcript:AT5G06115.1	4	3	0	1	1.91348087413104	-2.66813315888567	2.65537696656177	-1.00480391013575	0.314991280701434	0.99594499491367	1	32
transcript:AT5G41471.1	18	12	5	6	9.9833614707727	-1.30424256885755	0.793219380270343	-1.64423941383408	0.100126758539113	0.99594499491367	1	6
transcript:AT5G06305.1	0	0	3	0	0.799935441093349	3.20302823813747	4.85543141746634	0.659679431701019	0.509459568630593	0.99594499491367	1	72.5
transcript:AT5G06565.1	0	0	0	0	0	NA	NA	NA	1	1	1	264
transcript:AT5G44286.1	0	2	0	0	0.460656503039402	-2.2621458219382	4.89460148643389	-0.462171604411118	0.643958264527577	0.99594499491367	1	109.5
transcript:AT5G06825.1	3	3	1	2	2.195305474025	-0.857132631629887	2.12653629611336	-0.403065131404742	0.686900310964432	0.99594499491367	1	123
transcript:AT5G06835.1	0	0	0	0	0	NA	NA	NA	1	1	1	264
transcript:AT5G07095.1	10	6	4	3	5.63311178927485	-1.04747177286705	1.17556979733842	-0.891033246378568	0.372911334585653	0.99594499491367	1	40
transcript:AT5G07105.1	1	2	0	1	0.958762622585882	-1.43287801500917	3.80814536588569	-0.376266627803982	0.70671868658812	0.99594499491367	1	131
transcript:AT5G07725.1	4	5	11	4	6.0771623531267	0.898841207790232	1.12043060681535	0.802228359634914	0.422420874415636	0.99594499491367	1	53
transcript:AT5G51174.1	0	3	2	6	2.7641317658493	1.57655299617748	2.03560967669884	0.774486884309857	0.438642921332206	0.99594499491367	1	55
transcript:AT5G07735.1	0	0	0	1	0.25664278620466	1.58416871376329	4.99608591945226	0.317081959618694	0.751181413273051	0.99594499491367	1	154
transcript:AT5G52471.1	4	2	2	1	2.21644291667357	-0.853431292414856	2.12875634859535	-0.400906046846549	0.688489297785685	0.99594499491367	1	124
transcript:AT5G53902.1	25	18	19	32	23.4613188130404	0.388029630064445	0.478826231628213	0.810376717969229	0.41772369472409	0.99594499491367	1	49
transcript:AT5G54075.1	24	22	25	32	25.7410393679641	0.456023490716069	0.444534955621741	1.02584394083984	0.304965150279509	0.99594499491367	1	29
transcript:AT5G08495.1	9	11	6	9	8.61643672482172	-0.266617227372362	0.835230527946385	-0.319213939686693	0.749564287150383	0.99594499491367	1	150
transcript:AT5G08515.1	7	15	4	5	7.49496162533602	-1.13238263806731	0.963225568357036	-1.17561521959888	0.239748670922542	0.99594499491367	1	21
transcript:AT5G08525.1	7	6	3	3	4.64207664221827	-0.968136205685891	1.33565556847998	-0.724839718062688	0.468550366271261	0.99594499491367	1	61
transcript:AT5G08805.1	0	3	1	0	0.95762990159022	-1.38669893666072	4.15734941860126	-0.333553617229334	0.738716423573533	0.99594499491367	1	143
transcript:AT5G58595.1	0	0	0	0	0	NA	NA	NA	1	1	1	264
transcript:AT5G08850.1	0	0	0	0	0	NA	NA	NA	1	1	1	264
transcript:AT5G08860.1	0	2	1	0	0.727301650070519	-0.799887483067957	4.84616830124037	-0.165055654972451	0.868900176398387	0.99594499491367	1	197.5
transcript:AT5G08865.1	1	2	8	3	3.60520937124413	2.04130427596923	1.68742951338048	1.20971232266752	0.226389299736087	0.99594499491367	1	19
transcript:AT5G09000.1	0	0	0	0	0	NA	NA	NA	1	1	1	264
transcript:AT5G09005.1	0	0	0	0	0	NA	NA	NA	1	1	1	264
transcript:AT5G09020.1	0	0	0	0	0	NA	NA	NA	1	1	1	264
transcript:AT5G09130.1	0	0	0	3	0.76992835861398	3.15131721610511	4.85799185443848	0.648687216967217	0.516540568535312	0.99594499491367	1	76
transcript:AT5G09495.1	3	10	2	6	5.10081952651266	-0.546080463388771	1.29529390558097	-0.421588074363587	0.673325712422947	0.99594499491367	1	119
transcript:AT5G09515.1	0	0	0	1	0.25664278620466	1.58416871376329	4.99608591945226	0.317081959618694	0.751181413273051	0.99594499491367	1	154
transcript:AT5G66562.1	1	2	1	1	1.225407769617	-0.425903562673888	3.02748558155365	-0.140678973095331	0.8881235569189	0.99594499491367	1	199
transcript:AT5G66564.1	2	2	0	0	0.943583169723041	-3.29338614952344	4.09226304440189	-0.80478359132576	0.420944572100847	0.99594499491367	1	52
transcript:AT5G66567.1	0	0	0	0	0	NA	NA	NA	1	1	1	264
