ago1.1	ago1.2	deltaN.1	deltaN.2	baseMean	log2FC	lfcSE	stat	p.value	q.value	q.value_BH	ranking
transcript:AT1G04057.1	3	4	4	3	3.48636296533177	0.238914975605195	1.871457306014	0.127662530605124	0.898416043643492	1	1	218
transcript:AT1G04425.1	109	66	27	60	62.0127386412419	-0.810007789425065	0.527973956378603	-1.53418133534643	0.12498504806466	0.381650771768874	0.812402812420293	58
transcript:AT1G10682.1	924	967	660	612	770.488976427735	-0.338961268814943	0.201180292114335	-1.68486319038798	0.0920149698553815	0.321113466230005	0.693792872709577	50
transcript:AT1G11175.1	163	151	329	277	234.10926112761	1.18888976797933	0.291820817320355	4.07404029258882	4.62044823280926e-05	0.000486860718138344	0.00107337129086641	16
transcript:AT1G11185.1	79	62	72	54	65.9677573323079	0.0854127143037305	0.484668069976937	0.176229299173339	0.860113803578204	0.963473150464512	1	207
transcript:AT1G11592.2	3	0	1	2	1.44302743880791	0.225137399577905	3.05353006936399	0.0737302055207199	0.941225063663183	1	1	225
transcript:AT1G11592.1	0	0	0	0	0	NA	NA	NA	1	1	1	308
transcript:AT1G04867.1	0	0	0	0	0	NA	NA	NA	1	1	1	308
transcript:AT1G14518.1	0	0	0	0	0	NA	NA	NA	1	1	1	308
transcript:AT1G15405.1	20	57	38	31	36.2734309000773	0.0665426200814568	0.693742137528278	0.095918377278538	0.923585398918879	0.974895698858817	1	223
transcript:AT1G16635.1	1	12	2	0	3.59540738577346	-2.42305730275456	2.24326633322214	-1.0801469566363	0.280076744552185	1	1	81
transcript:AT1G05257.1	12	6	3	10	7.36982098153439	-0.28488826061967	1.35754297628699	-0.209855795062096	0.833780224350359	0.963473150464512	1	201
transcript:AT1G05353.1	4	0	10	10	6.22124275821222	2.57569912524611	1.65426435356419	1.55700575890222	0.119469118127838	0.381650771768874	0.812402812420293	55
transcript:AT1G18745.1	130	104	75	126	105.526633378801	-0.0133394864052154	0.391994943352803	-0.0340297410245151	0.972853434521951	0.993777251389223	1	232
transcript:AT1G05463.1	50	31	41	39	39.6901530080662	0.220973964301247	0.602400056407796	0.36682261555377	0.713751337058343	0.954214656452791	1	170
transcript:AT1G19968.1	0	0	0	6	1.46661081520156	4.14026342521344	3.67326328788491	1.12713494806342	0.259685429272422	1	1	78
transcript:AT1G05547.1	0	0	0	0	0	NA	NA	NA	1	1	1	308
transcript:AT1G21529.1	36	14	12	3	15.444824392539	-1.43902645430659	1.05207500920233	-1.36779834300755	0.171375206529378	0.465161274865455	0.978915952448114	66
transcript:AT1G05697.1	0	0	0	0	0	NA	NA	NA	1	1	1	308
transcript:AT1G22403.2	9	12	7	6	8.28077473256134	-0.460297579463611	1.24928533837145	-0.368448716498706	0.712538677837268	0.954214656452791	1	169
transcript:AT1G22403.1	0	0	0	0	0	NA	NA	NA	1	1	1	308
transcript:AT1G23052.1	48	64	217	354	174.796226949084	2.5491090474837	0.346658769134919	7.3533666949922	1.9327575372388e-13	1.65250769433917e-11	3.64324795769513e-11	2
transcript:AT1G05813.1	4	0	0	0	0.886873887876559	-3.18312437628508	4.49491705375596	-0.708160871094441	0.478845362135171	1	1	108
transcript:AT1G24068.1	0	2	4	0	1.62195457324507	1.30561972077621	3.2060067561071	0.407241724706023	0.683830459110915	1	1	162
transcript:AT1G25175.2	0	0	0	0	0	NA	NA	NA	1	1	1	308
transcript:AT1G25175.3	0	0	0	0	0	NA	NA	NA	1	1	1	308
transcript:AT1G25175.4	0	0	0	0	0	NA	NA	NA	1	1	1	308
transcript:AT1G25175.1	0	0	0	0	0	NA	NA	NA	1	1	1	308
transcript:AT1G25175.5	0	0	0	0	0	NA	NA	NA	1	1	1	308
transcript:AT1G26235.1	5	2	0	0	1.57453992842421	-4.01025004102314	3.23126704624535	-1.24107663762515	0.214577439056355	1	1	72
transcript:AT1G26558.1	0	0	0	0	0	NA	NA	NA	1	1	1	308
transcript:AT1G26558.2	0	0	0	0	0	NA	NA	NA	1	1	1	308
transcript:AT1G31258.1	51	61	47	40	48.8795306515797	-0.130091852314231	0.544058501035313	-0.239113720430199	0.81101740296612	0.963473150464512	1	196
transcript:AT1G31935.1	28	4	78	128	60.9698463342575	2.90822642143664	0.648732884329481	4.48293356431674	7.362385575113e-06	9.68436871803325e-05	0.000213509181678277	13
transcript:AT1G32172.1	10	2	2	4	4.23887633407089	-0.782508478124511	1.7842453201295	-0.438565520837524	0.660976384796785	1	1	157
transcript:AT1G06677.1	0	0	1	0	0.28900175116664	1.75613072305	4.98329859029134	0.352403270891967	0.724535849312667	1	1	174.5
transcript:AT1G33615.6	5	6	4	5	4.88461774958241	-0.0745420979218742	1.59176899496975	-0.0468297209943398	0.962648941084379	0.993777251389223	1	230
transcript:AT1G33615.1	0	0	0	0	0	NA	NA	NA	1	1	1	308
transcript:AT1G33615.5	0	0	0	0	0	NA	NA	NA	1	1	1	308
transcript:AT1G33615.4	0	0	0	0	0	NA	NA	NA	1	1	1	308
transcript:AT1G33615.2	0	0	0	0	0	NA	NA	NA	1	1	1	308
transcript:AT1G33615.3	0	0	0	0	0	NA	NA	NA	1	1	1	308
transcript:AT1G34392.1	0	0	0	0	0	NA	NA	NA	1	1	1	308
transcript:AT1G34418.1	396	379	319	366	357.75239749486	0.0446286677860956	0.230784881125399	0.193377779204895	0.846663116606807	0.963473150464512	1	205
transcript:AT1G06797.1	0	0	0	0	0	NA	NA	NA	1	1	1	308
transcript:AT1G43765.1	12	10	8	23	12.9243816407946	0.675144849179307	1.03787390713307	0.650507585304139	0.515364403660521	0.857368241331446	1	120
transcript:AT1G07257.1	0	0	0	0	0	NA	NA	NA	1	1	1	308
transcript:AT1G46554.1	144	126	127	133	130.495252252467	0.174394822199357	0.344131608395823	0.506767811920279	0.612317743693882	0.918476615540823	1	139
transcript:AT1G07507.1	0	0	0	0	0	NA	NA	NA	1	1	1	308
transcript:AT1G07543.1	2	5	5	1	3.29774975708467	0.0592806652081081	2.00294767291816	0.0295967118910002	0.976388687697214	1	1	233
transcript:AT1G49832.2	0	0	0	0	0	NA	NA	NA	1	1	1	308
transcript:AT1G49832.1	0	0	0	0	0	NA	NA	NA	1	1	1	308
transcript:AT1G49952.1	6	2	2	10	4.81861326139589	0.757352983558493	1.69015029617711	0.448098009550702	0.65408246449835	0.947865266349304	1	151
transcript:AT1G50055.1	101	140	84	108	105.685037241004	-0.116948577823919	0.39196825579494	-0.29836237015352	0.765426606098536	0.963473150464512	1	187
transcript:AT1G07647.1	14	14	20	38	21.4342617738935	1.24668606923327	0.808761604242833	1.54147534043783	0.12320114006158	0.381650771768874	0.812402812420293	56
transcript:AT1G50659.1	283	183	173	233	212.331219701023	0.0215419032436543	0.305717532022344	0.0704634212541004	0.943824813765983	0.984110019231605	1	227
transcript:AT1G07757.1	7	6	4	6	5.57248982938762	-0.167285325922804	1.49685908034929	-0.111757564969823	0.911015634918274	0.967600456962887	1	222
transcript:AT1G52347.1	0	0	0	0	0	NA	NA	NA	1	1	1	308
transcript:AT1G52347.2	0	0	0	0	0	NA	NA	NA	1	1	1	308
transcript:AT1G52615.2	0	0	0	0	0	NA	NA	NA	1	1	1	308
transcript:AT1G52615.1	0	0	0	0	0	NA	NA	NA	1	1	1	308
transcript:AT1G07847.1	21	24	23	29	23.9831179512676	0.423764171491746	0.746241806049483	0.567864421500457	0.570127032118736	0.886288386293671	1	133
transcript:AT1G07963.1	59	61	34	42	47.3851259339004	-0.441210186009854	0.540750985790838	-0.815921186652286	0.414545213751183	0.803121199405847	1	102
transcript:AT1G07977.1	1	0	0	0	0.22171847196914	-1.20645265494408	4.99567288764132	-0.241499530109086	0.809167980626388	1	1	194
transcript:AT1G55525.1	41	81	3	2	29.3172094033981	-4.38696613406518	0.947659086288864	-4.62926615439843	3.66963865254557e-06	5.70462008713902e-05	0.000125768524728153	11
transcript:AT1G57835.1	0	0	0	0	0	NA	NA	NA	1	1	1	308
transcript:AT1G58590.2	22	12	3	5	9.76267272762667	-1.87143764132673	1.21495808656791	-1.54033103035948	0.123479683659241	0.381650771768874	0.812402812420293	57
transcript:AT1G58590.1	2	0	1	1	0.976873830971846	0.259212463816702	3.62101227628811	0.0715856351866392	0.942931672204365	1	1	226
transcript:AT1G58808.1	0	0	0	0	0	NA	NA	NA	1	1	1	308
transcript:AT1G08253.1	0	0	0	0	0	NA	NA	NA	1	1	1	308
transcript:AT1G08427.1	30	32	39	39	34.9107538506394	0.559426530588601	0.625872860371689	0.893834141100755	0.371410639274116	0.78828397206885	1	91
transcript:AT1G08493.1	0	0	0	0	0	NA	NA	NA	1	1	1	308
transcript:AT1G08547.1	56	108	40	54	62.3369705169909	-0.599458054792536	0.522900684339417	-1.14640900795499	0.251625957232868	0.614686266954578	1	77
transcript:AT1G64563.1	92	80	63	55	70.6870449604804	-0.305709511118884	0.457877900198373	-0.667666010930943	0.504346810774866	0.857368241331446	1	116
transcript:AT1G64572.1	142	122	55	83	96.0900372940269	-0.724913558467744	0.399979776088886	-1.81237552947339	0.0699281912626453	0.267532529682463	0.577000936443298	45
transcript:AT1G64618.1	2	0	0	0	0.443436943938279	-2.18441929995851	4.89471728012237	-0.446280995396714	0.655394282405858	1	1	154
transcript:AT1G08747.1	50	51	100	90	73.8669239418963	1.14645083772464	0.451943853038945	2.53671076620628	0.0111899361952691	0.0659820375652074	0.145469170538498	29
transcript:AT1G08747.2	145	198	244	272	215.280771965262	0.808041219944381	0.299371012911648	2.69912979244539	0.00695210567958609	0.044691264688573	0.0985298642549242	26
transcript:AT1G66173.1	16	9	9	29	15.3338943107502	0.784874623526931	0.982695021379898	0.798696041448151	0.424466682696701	0.803121199405847	1	104
transcript:AT1G08823.1	0	0	0	0	0	NA	NA	NA	1	1	1	308
transcript:AT1G67105.1	62	79	88	60	72.2497364756176	0.315397914630142	0.480186198075611	0.656824198392472	0.511293962825347	0.857368241331446	1	118
transcript:AT1G67238.1	0	0	0	0	0	NA	NA	NA	1	1	1	308
transcript:AT1G08933.1	2	0	0	0	0.443436943938279	-2.18441929995851	4.89471728012237	-0.446280995396714	0.655394282405858	1	1	154
transcript:AT1G68568.1	318	299	111	84	192.777381380992	-1.4187839069403	0.32086848698655	-4.42169912123457	9.79277595791099e-06	0.000119611763485913	0.000263705466866603	14
transcript:AT1G68568.2	0	0	0	0	0	NA	NA	NA	1	1	1	308
transcript:AT1G68568.3	0	4	0	0	0.931895137157015	-3.25049052344084	4.40711293465153	-0.737555531623301	0.46078458621089	1	1	107
transcript:AT1G68872.4	4	1	5	1	2.80929156386594	0.577276255649779	2.17209517636057	0.265769318919546	0.790416873617048	1	1	189
transcript:AT1G68872.1	0	0	0	0	0	NA	NA	NA	1	1	1	308
transcript:AT1G68872.2	0	0	0	0	0	NA	NA	NA	1	1	1	308
transcript:AT1G68872.3	0	0	0	0	0	NA	NA	NA	1	1	1	308
transcript:AT1G69252.2	0	0	0	0	0	NA	NA	NA	1	1	1	308
transcript:AT1G69252.1	0	0	0	0	0	NA	NA	NA	1	1	1	308
transcript:AT1G09073.1	0	0	0	0	0	NA	NA	NA	1	1	1	308
transcript:AT1G70185.1	5	11	3	6	6.00492005572897	-0.645619251030949	1.48189018464974	-0.435672803368726	0.66307414067794	0.952820823999392	1	158
transcript:AT1G70518.1	121	94	75	101	95.0905508915133	-0.0710434545765676	0.398580553351178	-0.178241145934617	0.858533597276998	0.963473150464512	1	206
transcript:AT1G70581.1	37	11	10	4	14.6340531451741	-1.49255963323695	1.06595686226561	-1.40020641179103	0.161451516369392	0.445293698373645	0.936418794942472	65
transcript:AT1G09277.1	0	0	0	0	0	NA	NA	NA	1	1	1	308
transcript:AT1G09583.1	0	0	0	0	0	NA	NA	NA	1	1	1	308
transcript:AT1G77138.1	10	17	14	21	15.3569014221471	0.574986231342502	0.94045221869965	0.611393348763138	0.540939204869922	0.858668669787456	1	127
transcript:AT1G78865.1	65	56	47	52	53.7519419681046	-0.0634025381639501	0.509019346182953	-0.124558209112079	0.90087331495236	0.963473150464512	1	220
transcript:AT1G09837.1	23	29	30	59	34.9474901508264	0.96623633016998	0.649874798397903	1.48680381598422	0.137066633377712	0.397260920467605	0.847116734154055	61
transcript:AT1G09843.1	91	67	69	83	76.0148616040248	0.168388371303978	0.439932395403867	0.382759653672229	0.701897979147202	0.954214656452791	1	165
transcript:AT1G79075.1	7	8	1	4	4.68256187273236	-1.41306299903377	1.70077125280932	-0.830836596455689	0.406065945490356	0.803121199405847	1	98
transcript:AT1G79075.2	0	0	0	0	0	NA	NA	NA	1	1	1	308
transcript:AT1G09903.1	50	44	60	62	53.831853600932	0.605563072369343	0.51069301467324	1.18576729066248	0.235714212189137	0.592751915946212	1	75
transcript:AT1G09923.1	1	2	4	2	2.33254331694806	1.25462143261311	2.31317704918982	0.542380200881093	0.587556616205405	1	1	136
transcript:AT2G01422.1	0	0	0	0	0	NA	NA	NA	1	1	1	308
transcript:AT2G01422.2	0	0	0	0	0	NA	NA	NA	1	1	1	308
transcript:AT2G04705.1	0	0	0	0	0	NA	NA	NA	1	1	1	308
transcript:AT2G05518.1	11	16	27	43	24.4802418640657	1.57419686376626	0.767860068278164	2.05010903522593	0.0403537919029519	0.191680511539022	0.422593876317024	36
transcript:AT2G05995.1	4	10	2	4	4.77235577657008	-1.0387514682725	1.66694120863148	-0.623148232759383	0.533187116434608	0.858668669787456	1	126
transcript:AT2G06002.1	49	45	27	33	37.2174321846121	-0.427564043196895	0.605035871783517	-0.70667552642214	0.479768141785838	0.857368241331446	1	109
transcript:AT2G06562.1	0	0	0	0	0	NA	NA	NA	1	1	1	308
transcript:AT2G07042.1	799	674	86	41	369.053380885175	-3.2646022499989	0.606979600226294	-5.37843816955593	7.51347764952079e-08	1.60600584758507e-06	3.54072634233667e-06	8
transcript:AT2G10537.1	0	0	0	0	0	NA	NA	NA	1	1	1	308
transcript:AT2G05685.1	0	0	0	0	0	NA	NA	NA	1	1	1	308
transcript:AT2G14878.1	1060	1066	823	852	929.478811308399	-0.116282169709444	0.181609637519968	-0.640286337759247	0.521986461243642	0.858266200698681	1	123
transcript:AT2G15128.1	44	36	47	43	42.2364621481652	0.406694576252918	0.575718521609067	0.7064121805848	0.479931848201744	0.857368241331446	1	110
transcript:AT2G15292.1	198	294	376	476	337.410333142244	1.0026136676094	0.270984039047577	3.69989934142714	0.000215684998432798	0.00184410673660042	0.00406566222045824	20
transcript:AT2G15555.1	0	0	0	0	0	NA	NA	NA	1	1	1	308
transcript:AT2G18440.2	14	3	16	12	11.3602296095051	0.98354508015054	1.15113237386257	0.85441527185123	0.392874937085587	0.803121199405847	1	96
transcript:AT2G18440.1	0	0	0	0	0	NA	NA	NA	1	1	1	308
transcript:AT2G18735.1	102	81	125	123	107.676901275744	0.672189996263532	0.379965199440334	1.76908305616837	0.0768800150739263	0.285793099513943	0.616675865592983	47
transcript:AT2G19796.1	0	0	0	0	0	NA	NA	NA	1	1	1	308
transcript:AT2G21188.1	208	142	25	21	91.5579011710266	-2.68793809511024	0.455242399651107	-5.90441069893808	3.53909509568488e-09	8.64550373374449e-08	1.90605550153314e-07	7
transcript:AT2G07405.1	0	0	0	0	0	NA	NA	NA	1	1	1	308
transcript:AT2G07575.1	1	0	2	0	0.799721974302419	1.34344477411453	4.34429241279944	0.309243634281242	0.757136204098824	1	1	185
transcript:AT2G22482.1	12	37	27	14	22.5057908659683	-0.0111407934640448	0.868013987358436	-0.0128348086854553	0.989759585464319	0.993777251389223	1	235
transcript:AT2G07975.1	0	0	0	0	0	NA	NA	NA	1	1	1	308
transcript:AT2G24735.1	1	5	0	0	1.38658739341541	-3.82419363189167	3.43436304663333	-1.11350884573502	0.265489951375829	1	1	79
transcript:AT2G08135.1	23	17	25	27	22.8848716357805	0.608119222479655	0.76621899571759	0.793662420115454	0.427391983309544	0.803121199405847	1	106
transcript:AT2G27400.1	180	164	114	173	153.350503715858	-0.0523249610282189	0.327838235454523	-0.159606035445116	0.873191424337856	0.963473150464512	1	211
transcript:AT2G08205.1	15	13	8	14	12.0885421867675	-0.144350247512323	1.03966719589644	-0.138842745141976	0.889574415350184	0.963473150464512	1	213
transcript:AT2G08330.1	124	171	237	254	197.911547174329	0.955969707203435	0.310241159819894	3.0813761389959	0.00206046181437001	0.0153190856633596	0.0337736566964127	23
transcript:AT2G30115.1	0	0	0	3	0.733305407600781	3.14066180304147	4.86272426451547	0.645864670131448	0.518367001731021	1	1	122
transcript:AT2G30945.2	0	0	0	0	0	NA	NA	NA	1	1	1	308
transcript:AT2G30945.1	0	0	0	0	0	NA	NA	NA	1	1	1	308
transcript:AT2G30945.3	0	0	0	0	0	NA	NA	NA	1	1	1	308
transcript:AT2G31585.1	0	0	0	0	0	NA	NA	NA	1	1	1	308
transcript:AT2G31585.2	0	0	0	0	0	NA	NA	NA	1	1	1	308
transcript:AT2G08475.1	771	553	168	189	394.529979475009	-1.66251451698472	0.246588299658775	-6.74206569932671	1.56150439546702e-11	8.90057505416204e-10	1.96229052363689e-09	3
transcript:AT2G31902.1	79	67	26	68	57.2606376022257	-0.450120872210154	0.543267543038782	-0.828543648480067	0.407362686297019	0.803121199405847	1	99
transcript:AT2G31902.2	0	0	0	0	0	NA	NA	NA	1	1	1	308
transcript:AT2G31902.3	0	0	0	0	0	NA	NA	NA	1	1	1	308
transcript:AT2G31902.4	2	5	0	0	1.60830586538455	-4.03874185960182	3.20833256980551	-1.25882893114371	0.208092128078338	1	1	71
transcript:AT2G31902.5	62	102	47	93	73.8254212000468	-0.0418778261408763	0.491005109923452	-0.0852900006425698	0.932030840897851	0.977774685849893	1	224
transcript:AT2G32795.1	38	58	42	65	49.9641388039531	0.356666582417944	0.549678748638154	0.648863692295902	0.516426484544672	0.857368241331446	1	121
transcript:AT2G08610.1	3	3	11	19	9.18736361307983	2.52255197849032	1.27213526593379	1.98292748109508	0.0473755305053526	0.207723479908085	0.457963461551742	39
transcript:AT2G08745.1	4	5	1	4	3.31848510395718	-0.681057787482275	1.95603379989626	-0.348183036263687	0.727702726776392	1	1	177
transcript:AT2G36307.1	25	23	34	32	28.5493427252887	0.693030001106528	0.689990493125338	1.00440514472514	0.315183371240745	0.72832914165091	1	84
transcript:AT2G08915.1	122	91	50	23	68.3223636338284	-1.27555393579044	0.530613119431555	-2.40392460924626	0.0162201179821986	0.092454672498532	0.203832815976296	30
transcript:AT2G08915.2	781	598	294	222	451.711564618322	-1.16950027419951	0.259882062467678	-4.50011925830767	6.79153488443957e-06	9.67793721032639e-05	0.000213367387619476	12
transcript:AT2G09000.1	8	8	5	4	6.06028734936805	-0.591072363412522	1.44790254698733	-0.40822662039125	0.683107306146972	0.954214656452791	1	161
transcript:AT2G09035.1	0	0	0	0	0	NA	NA	NA	1	1	1	308
transcript:AT2G09045.1	7	6	13	13	9.88455154095587	1.23146453283182	1.1544203624829	1.06673840210443	0.286089980893179	0.675918858822392	1	82
transcript:AT2G39675.1	675	562	111	148	348.846829837532	-2.03786900153001	0.248131711205552	-8.21285192299281	2.15995852709786e-16	3.69352908133734e-14	8.14304364715893e-14	1
transcript:AT2G39681.1	565	487	233	352	392.107745458416	-0.636589343813194	0.238476525736387	-2.66940044454054	0.00759867958825296	0.0464062217711163	0.102310793027549	28
transcript:AT2G09155.1	0	0	1	0	0.28900175116664	1.75613072305	4.98329859029134	0.352403270891967	0.724535849312667	1	1	174.5
transcript:AT2G09215.1	34	41	28	49	37.1597238929555	0.235782334193277	0.618834382278569	0.381010397846866	0.703195533086423	0.954214656452791	1	166
transcript:AT2G41312.2	0	0	0	0	0	NA	NA	NA	1	1	1	308
transcript:AT2G41312.1	0	0	0	0	0	NA	NA	NA	1	1	1	308
transcript:AT2G09365.1	0	0	0	0	0	NA	NA	NA	1	1	1	308
transcript:AT2G42388.1	0	0	2	0	0.578003502333279	2.77894389457808	4.88470757694273	0.568906910148629	0.569419315647794	1	1	132
transcript:AT2G42425.1	0	0	0	0	0	NA	NA	NA	1	1	1	308
transcript:AT2G42485.1	60	70	58	58	60.550612666343	0.0622757593515215	0.486962618655489	0.127886118904703	0.898239096348695	0.963473150464512	1	217
transcript:AT2G09395.1	400	390	191	193	281.92248035561	-0.81194822240543	0.257069189375289	-3.15848128038435	0.00158593494389081	0.0123270397911513	0.0271771579021288	22
transcript:AT2G09400.1	89	55	53	50	60.0853517463406	-0.244022307448533	0.504588128450116	-0.483606913618969	0.628664867267346	0.934797324371445	1	141
transcript:AT2G43375.1	47	52	72	101	68.0314797721484	1.01526352999203	0.46426874810219	2.18680136050977	0.0287570281187879	0.140498623094649	0.309754274308086	35
transcript:AT2G09475.1	0	0	0	0	0	NA	NA	NA	1	1	1	308
transcript:AT2G44995.1	35	26	44	51	38.9997338909859	0.864948011042598	0.597746843955197	1.44701393205085	0.14789302158151	0.414585355580956	0.871182330253585	64
transcript:AT2G45023.1	0	0	0	0	0	NA	NA	NA	1	1	1	308
transcript:AT2G45023.2	0	0	0	0	0	NA	NA	NA	1	1	1	308
transcript:AT2G45245.3	0	2	0	0	0.465947568578507	-2.24936007108631	4.88992907635596	-0.45999850631015	0.645517292642634	1	1	147
transcript:AT2G45245.4	11	6	8	11	8.83754640126537	0.382048758164153	1.21226892801877	0.315151819314995	0.752646385464334	0.963473150464512	1	182
transcript:AT2G45245.2	0	0	0	0	0	NA	NA	NA	1	1	1	308
transcript:AT2G45245.1	0	0	0	0	0	NA	NA	NA	1	1	1	308
transcript:AT2G45780.1	2	8	2	2	3.37410099231944	-1.11273365105027	1.97698052736499	-0.562845023331297	0.573540418908686	1	1	134
transcript:AT2G09675.1	53	44	47	50	47.80676462127	0.228708081330733	0.5386634778658	0.424584347609534	0.671139705330217	0.954214656452791	1	159
transcript:AT2G46192.1	66	46	45	31	45.9327812416424	-0.306260343941561	0.576828636537567	-0.530938175642421	0.595461622151706	0.901675015661288	1	137
transcript:AT2G09735.1	467	531	203	196	333.828247983927	-1.09407747489869	0.252670817364	-4.3300508001387	1.49074947620978e-05	0.000169945440287915	0.000374675035020724	15
transcript:AT2G09785.1	640	666	529	567	588.537010800592	-0.0277985672316103	0.201819039703198	-0.137740062941989	0.890445855507128	0.963473150464512	1	214
transcript:AT3G00980.1	6	5	3	3	4.09549041436181	-0.64329741214967	1.73990328298393	-0.369731707757007	0.711582403967309	1	1	168
transcript:AT3G01005.1	74	102	42	36	61.1082313634285	-0.943174216278973	0.505428823757314	-1.86608711641631	0.0620291781923854	0.246674173741812	0.531477276784757	44
transcript:AT3G01135.1	82	64	60	72	68.0306717483988	0.078059601750953	0.45938137671067	0.169923304923432	0.865070452967941	0.963473150464512	1	210
transcript:AT3G02832.1	28	43	30	24	30.7624857353793	-0.161282082890922	0.685760404875816	-0.235187219536433	0.814063425157434	0.963473150464512	1	198
transcript:AT3G04485.1	56	44	47	45	47.2497443578428	0.114649984258054	0.545826313917697	0.210048473909489	0.833629840128786	0.963473150464512	1	200
transcript:AT3G01525.1	73	63	52	70	63.0013474353203	0.0593846631816446	0.474233856711712	0.125222318780467	0.900347548483118	0.963473150464512	1	219
transcript:AT3G01605.1	37	40	22	21	29.0137112132999	-0.610937553231875	0.686348712478969	-0.890127047846097	0.373397670979982	0.78828397206885	1	92
transcript:AT3G05152.1	8	6	0	4	4.14933102495635	-1.66609101127583	1.9326793277948	-0.862062830245538	0.388652944033431	1	1	94.5
transcript:AT3G01615.1	15	18	11	7	12.4093704106452	-0.62751120017241	1.04280512508177	-0.601753084137563	0.547338508811887	0.858668669787456	1	129
transcript:AT3G06125.2	0	0	0	0	0	NA	NA	NA	1	1	1	308
transcript:AT3G06125.3	0	0	0	0	0	NA	NA	NA	1	1	1	308
transcript:AT3G06125.1	0	0	6	2	2.22288077873369	4.7272445143429	2.86649774600175	1.6491359607509	0.0991197838954626	1	0.732708990756655	51
transcript:AT3G01905.1	41	33	38	32	35.5825831243541	0.160940954379617	0.626386531038007	0.2569355284714	0.797228543258755	0.963473150464512	1	191
transcript:AT3G06962.1	7	4	1	0	2.77292619210763	-3.18504476440835	2.50377081904822	-1.27209916346062	0.203337888381815	1	1	69
transcript:AT3G01925.1	14	14	5	9	10.010616566253	-0.798888394855156	1.14660849455349	-0.69674034219174	0.485965307015854	0.857368241331446	1	112
transcript:AT3G07215.4	3	0	0	0	0.665155415907419	-2.76833141451469	4.85839098737848	-0.569804163910745	0.568810531064044	1	1	130.5
transcript:AT3G07215.3	0	0	0	0	0	NA	NA	NA	1	1	1	308
transcript:AT3G07215.2	0	0	0	0	0	NA	NA	NA	1	1	1	308
transcript:AT3G07215.1	0	0	0	0	0	NA	NA	NA	1	1	1	308
transcript:AT3G02075.1	4	15	10	6	8.73810897908332	-0.011431733690362	1.28381238264467	-0.00890452050852823	0.992895314454011	0.993777251389223	1	237
transcript:AT3G02115.1	169	182	84	103	129.32461659572	-0.691006982972387	0.346952271721037	-1.99164853293707	0.0464096343623071	0.207723479908085	0.457963461551742	38
transcript:AT3G11415.1	1	0	4	0	1.3777254766357	2.34503828076056	3.52481897262153	0.665293253064985	0.505862945121105	1	1	117
transcript:AT3G02475.1	4	3	8	2	4.38667952181129	0.809196387991093	1.74463984768197	0.463818586435611	0.642777725819682	1	1	144
transcript:AT3G02565.1	89	91	62	64	74.4955156433905	-0.28766202639224	0.439982268247267	-0.653803680630547	0.513238294900178	0.857368241331446	1	119
transcript:AT3G02585.1	40	26	21	32	28.8170183925273	-0.102114287841601	0.694924025391677	-0.146943096094636	0.883176935342402	0.963473150464512	1	212
transcript:AT3G12965.1	317	380	236	236	284.705898984055	-0.336050310005907	0.265579076084484	-1.26534934513819	0.205746124979072	0.533069505627596	1	70
transcript:AT3G13277.1	136	108	126	127	122.772363793139	0.284644695026859	0.357939239998705	0.795231880773643	0.426478630000601	0.803121199405847	1	105
transcript:AT3G14185.1	0	4	0	6	2.39850595235858	0.671564409711596	2.71354075495542	0.247486391529295	0.804531821985963	1	1	193
transcript:AT3G03065.1	0	0	0	0	0	NA	NA	NA	1	1	1	308
transcript:AT3G15536.1	233	127	0	0	81.2480745735448	-9.69912715753093	1.51279447163072	-6.41139780678584	1.44191400167228e-10	5.15367314817485e-09	1.13621916775551e-08	4
transcript:AT3G03155.1	26	15	13	27	19.6160584691098	0.165244226229869	0.848265028675488	0.194802591930363	0.845547493096988	0.963473150464512	1	204
transcript:AT3G03155.2	32	27	20	39	28.6982886009653	0.198155153577848	0.699079421926195	0.28345156124302	0.776830708111235	0.963473150464512	1	188
transcript:AT3G17185.1	0	0	0	0	0	NA	NA	NA	1	1	1	308
transcript:AT3G17185.2	0	0	0	0	0	NA	NA	NA	1	1	1	308
transcript:AT3G18362.1	0	0	0	0	0	NA	NA	NA	1	1	1	308
transcript:AT3G18362.2	0	0	0	1	0.244435135866927	1.63402086403367	4.9914028186226	0.327367059604415	0.743390277682883	1	1	180
transcript:AT3G03695.1	0	0	0	0	0	NA	NA	NA	1	1	1	308
transcript:AT3G03745.1	38	42	27	48	37.7461346780877	0.105389051378262	0.612741865355379	0.171995839254657	0.863440800048994	0.963473150464512	1	208
transcript:AT3G04195.1	27	23	10	11	16.9235997880222	-1.02523835409628	0.892006635498928	-1.1493618021382	0.25040682391147	0.614686266954578	1	76
transcript:AT3G04355.1	50	66	35	33	44.6436141359887	-0.543272924532411	0.5687966804814	-0.955126749461008	0.339513603136462	0.748219411660453	1	88
transcript:AT3G04535.1	0	0	0	0	0	NA	NA	NA	1	1	1	308
transcript:AT3G04685.1	62	70	101	24	65.1103302909713	0.215813864013932	0.627777285026396	0.34377456649273	0.731015828766092	0.963473150464512	1	178
transcript:AT3G25795.1	4	2	6	7	4.79787791452339	1.34576700266318	1.64290357583179	0.819139371573783	0.412706901056302	0.803121199405847	1	101
transcript:AT3G26612.1	110	137	105	99	110.850702687556	-0.0471948797068764	0.381303201199469	-0.123772576674979	0.901495345463871	0.963473150464512	1	221
transcript:AT3G05185.1	0	0	0	0	0	NA	NA	NA	1	1	1	308
transcript:AT3G05215.1	0	0	0	0	0	NA	NA	NA	1	1	1	308
transcript:AT3G27884.2	0	0	0	0	0	NA	NA	NA	1	1	1	308
transcript:AT3G27884.3	0	0	0	0	0	NA	NA	NA	1	1	1	308
transcript:AT3G27884.1	0	0	0	0	0	NA	NA	NA	1	1	1	308
transcript:AT3G41761.1	62	90	120	75	87.7270311781358	0.608066854830883	0.464393703041309	1.30937790682488	0.190406371443612	0.500915223336272	1	68
transcript:AT3G44765.1	5	0	2	4	2.66433640564669	0.487485170850487	2.3443506611302	0.20794038150226	0.835275518365229	1	1	202
transcript:AT3G44798.1	147	166	201	223	183.864650854299	0.659908494921905	0.301761877762108	2.18685176476181	0.0287533471389471	0.140498623094649	0.309754274308086	34
transcript:AT3G45638.1	0	0	4	7	2.86705295573505	5.1015644948541	2.59223040386031	1.96802124041787	0.0490655938433509	1	0.462443221973582	40
transcript:AT3G45638.2	0	0	0	0	0	NA	NA	NA	1	1	1	308
transcript:AT3G46614.1	4	2	2	0	1.93082495878835	-1.25804293356776	2.70369934514713	-0.465304300874216	0.64171355527145	1	1	143
transcript:AT3G07485.1	1	1	1	0	0.743694007425033	-0.697673386118349	4.10287113972323	-0.170045161634156	0.864974619959711	1	1	209
transcript:AT3G07635.1	0	2	2	2	1.53282134264564	1.20171318402825	2.97225418785437	0.404310367847695	0.685984502357392	1	1	163
transcript:AT3G48115.2	0	0	0	0	0	NA	NA	NA	1	1	1	308
transcript:AT3G48115.1	62	81	46	66	62.0442213103988	-0.146013596961339	0.488445470131327	-0.298935307808424	0.764989406439476	0.963473150464512	1	186
transcript:AT3G08085.1	0	2	1	1	0.999384455612074	0.199191224264837	3.58993426310117	0.0554860366977208	0.955751253913903	1	1	229
transcript:AT3G08170.1	52	38	38	20	36.2531336070577	-0.368786836880788	0.658401832170553	-0.560124256740004	0.575394686171197	0.886418840858331	1	135
transcript:AT3G08170.2	532	410	261	338	371.522011623691	-0.433329394161995	0.239500182045587	-1.80930715985641	0.0704032972848587	0.267532529682463	0.577000936443298	46
transcript:AT3G52742.1	0	0	0	0	0	NA	NA	NA	1	1	1	308
transcript:AT3G52748.1	19	30	16	5	17.0480681940921	-0.951031077153016	0.964797457272842	-0.985731326284027	0.324264972862151	0.739324138125705	1	86
transcript:AT3G53365.1	11	18	11	19	14.4557181531718	0.243090359153347	0.967695775819274	0.251205353198468	0.801655345988281	0.963473150464512	1	192
transcript:AT3G54366.1	353	374	514	481	431.519016380932	0.685224110915004	0.231830687783847	2.95570926120828	0.00311950998652881	0.021337448307857	0.0470422105968544	25
transcript:AT3G08410.1	0	0	0	0	0	NA	NA	NA	1	1	1	308
transcript:AT3G55485.1	5	10	0	8	5.39381128967365	-0.792101180290779	1.75061037209024	-0.452471431061503	0.650929397893885	0.947865266349304	1	150
transcript:AT3G08705.1	34	36	43	42	38.6188352879403	0.509645640098712	0.597262265794402	0.853302927853389	0.393491336855232	0.803121199405847	1	97
transcript:AT3G08785.1	1023	1365	1779	2059	1562.25327245472	0.901298324078459	0.190422919170729	4.73313993926527	2.21072958145211e-06	3.7803475842831e-05	8.33445052207444e-05	10
transcript:AT3G57157.1	232	158	16	30	100.205625509217	-2.87374287392035	0.448694720872353	-6.40467279921015	1.50692197315054e-10	5.15367314817485e-09	1.13621916775551e-08	5
transcript:AT3G08895.1	132	154	115	146	134.067532301206	0.0823595189036644	0.343722753068675	0.239610320144297	0.810632363496839	0.963473150464512	1	195
transcript:AT3G08975.1	41	47	30	42	38.9765534537398	-0.0796394971361308	0.595120674995916	-0.133820753474373	0.893544315902764	0.963473150464512	1	215
transcript:AT3G59765.3	0	7	0	3	2.36412189762556	-1.12791921201237	2.74925683610772	-0.410263310869576	0.681612802775812	1	1	160
transcript:AT3G59765.2	0	0	0	0	0	NA	NA	NA	1	1	1	308
transcript:AT3G59765.1	0	0	0	0	0	NA	NA	NA	1	1	1	308
transcript:AT3G60176.1	1	0	3	0	1.08872372546906	1.92949373783083	3.84648092775878	0.501625712974765	0.615930828734736	1	1	140
transcript:AT3G60238.1	0	0	0	0	0	NA	NA	NA	1	1	1	308
transcript:AT3G60972.1	7	6	4	7	5.81692496525455	-0.0372555618927237	1.468932543667	-0.0253623367889448	0.979765952325683	0.993777251389223	1	234
transcript:AT3G61118.1	18	2	1	1	4.99031695105659	-3.06938826867672	1.91502761219413	-1.60279060684665	0.10898089133509	0.365406518005891	0.775203698742057	53
transcript:AT3G61198.1	142	107	20	35	70.7474827172432	-1.97001335818913	0.484841003330563	-4.06321524923911	4.84013579435781e-05	0.000486860718138344	0.00107337129086641	17
transcript:AT4G03605.1	0	0	0	0	0	NA	NA	NA	1	1	1	308
transcript:AT4G03675.1	23	24	19	26	22.5372424829386	0.149699967145037	0.767435603131217	0.195065184015761	0.84534191811232	0.963473150464512	1	203
transcript:AT4G03685.1	0	5	0	8	3.12035000838168	0.763509878318663	2.45825269112362	0.310590477974694	0.7561119669009	1	1	184
transcript:AT4G00975.1	34	28	15	17	22.5521175842872	-0.728697414183556	0.77272412892602	-0.943024019705901	0.345668617082899	0.748219411660453	1	90
transcript:AT4G00975.2	0	0	0	0	0	NA	NA	NA	1	1	1	308
transcript:AT4G00975.3	0	0	0	0	0	NA	NA	NA	1	1	1	308
transcript:AT4G01533.1	8	2	14	8	8.24120094759999	1.41266221438891	1.33105829272262	1.06130754912271	0.288550156105466	0.675918858822392	1	83
transcript:AT4G03955.1	12	9	25	25	18.0933078980721	1.48485933430011	0.8729775642387	1.70091351155744	0.0889592290568766	0.316917253515123	0.684441415396786	49
transcript:AT4G02005.6	0	0	0	0	0	NA	NA	NA	1	1	1	308
transcript:AT4G02005.5	0	0	0	0	0	NA	NA	NA	1	1	1	308
transcript:AT4G02005.3	0	0	0	0	0	NA	NA	NA	1	1	1	308
transcript:AT4G02005.1	0	0	0	0	0	NA	NA	NA	1	1	1	308
transcript:AT4G02005.4	0	0	0	0	0	NA	NA	NA	1	1	1	308
transcript:AT4G02005.2	0	0	0	0	0	NA	NA	NA	1	1	1	308
transcript:AT4G04325.1	13	13	16	17	14.6904246597631	0.569947904308997	0.942717080133974	0.60458001273086	0.545458090398282	0.858668669787456	1	128
transcript:AT4G03038.1	2	0	0	0	0.443436943938279	-2.18441929995851	4.89471728012237	-0.446280995396714	0.655394282405858	1	1	154
transcript:AT4G03811.1	0	2	0	0	0.465947568578507	-2.24936007108631	4.88992907635596	-0.45999850631015	0.645517292642634	1	1	147
transcript:AT4G03935.1	0	0	0	0	0	NA	NA	NA	1	1	1	308
transcript:AT4G03935.3	0	0	0	0	0	NA	NA	NA	1	1	1	308
transcript:AT4G03935.2	0	0	0	0	0	NA	NA	NA	1	1	1	308
transcript:AT4G04223.1	0	5	2	0	1.74287242377955	-1.03089917944132	3.11497933822201	-0.330948962258526	0.740683037320821	1	1	179
transcript:AT4G04223.2	0	0	1	0	0.28900175116664	1.75613072305	4.98329859029134	0.352403270891967	0.724535849312667	1	1	174.5
transcript:AT4G04315.1	0	0	0	0	0	NA	NA	NA	1	1	1	308
transcript:AT4G06701.5	0	0	0	0	0	NA	NA	NA	1	1	1	308
transcript:AT4G06701.3	0	0	0	0	0	NA	NA	NA	1	1	1	308
transcript:AT4G06701.2	0	0	0	0	0	NA	NA	NA	1	1	1	308
transcript:AT4G06701.4	0	0	0	0	0	NA	NA	NA	1	1	1	308
transcript:AT4G06701.1	0	0	0	0	0	NA	NA	NA	1	1	1	308
transcript:AT4G08035.1	8	6	0	4	4.14933102495635	-1.66609101127583	1.9326793277948	-0.862062830245538	0.388652944033431	1	1	94.5
transcript:AT4G08035.2	0	0	0	0	0	NA	NA	NA	1	1	1	308
transcript:AT4G05365.1	0	0	0	0	0	NA	NA	NA	1	1	1	308
transcript:AT4G05690.1	166	194	200	218	193.08939035131	0.437873645651843	0.298101399119644	1.46887484240254	0.141866739391283	0.404320207265157	0.848948583341488	63
transcript:AT4G10507.1	2	0	0	0	0.443436943938279	-2.18441929995851	4.89471728012237	-0.446280995396714	0.655394282405858	1	1	154
transcript:AT4G05905.1	2	0	0	0	0.443436943938279	-2.18441929995851	4.89471728012237	-0.446280995396714	0.655394282405858	1	1	154
transcript:AT4G05940.1	0	0	1	0	0.28900175116664	1.75613072305	4.98329859029134	0.352403270891967	0.724535849312667	1	1	174.5
transcript:AT4G12917.1	133	153	212	191	173.089027966062	0.727766077474549	0.320631668840688	2.2697885087457	0.0232204181275501	0.124084109369096	0.273565551065199	32
transcript:AT4G13495.2	52	62	62	127	74.9351059957604	0.918586925850426	0.473289078340183	1.94085806727655	0.0522754954353589	0.223477742986159	0.480679555588544	41
transcript:AT4G13495.1	0	0	0	0	0	NA	NA	NA	1	1	1	308
transcript:AT4G14548.1	23	27	13	19	19.791107377738	-0.436189624537225	0.822398978344527	-0.530386875498394	0.595843723799565	0.901675015661288	1	138
transcript:AT4G15242.1	0	0	0	0	0	NA	NA	NA	1	1	1	308
transcript:AT4G16355.1	0	0	3	4	1.84474579696763	4.46412706124493	3.03510127234484	1.47083298403287	0.141336289910376	1	0.848948583341488	62
transcript:AT4G16748.1	0	0	0	0	0	NA	NA	NA	1	1	1	308
transcript:AT4G16892.1	10	9	28	24	18.2724410717668	1.6916105229202	0.876949585337564	1.92897123301455	0.0537344335799978	0.22411190590682	0.482330510944266	42
transcript:AT4G06785.1	37	48	20	18	29.5661925776798	-0.932238415795813	0.691513511793284	-1.34811308802667	0.177622012508159	0.474583814670237	0.999455204710088	67
transcript:AT4G23205.1	3	4	1	9	4.08596852703342	0.65361167152599	1.82856267994363	0.357445593030554	0.720758249782457	1	1	172
transcript:AT4G26255.1	47	59	13	34	36.2340388402574	-0.992380055779063	0.660069839150044	-1.50344705502213	0.132723800197158	0.391306376443346	0.833947877905478	60
transcript:AT4G07975.1	91	76	90	105	89.5582354261999	0.447504985344831	0.404513933368717	1.10627829706159	0.268606082488159	0.646924508527819	1	80
transcript:AT4G07975.2	273	270	300	386	304.484552400299	0.553298758563978	0.246134605166147	2.24795192122818	0.0245792558498261	0.12736523485819	0.280799377435893	33
transcript:AT4G08055.1	142	93	79	72	93.5810530831017	-0.397715529468418	0.41856640325946	-0.950185027683369	0.342018244962586	0.748219411660453	1	89
transcript:AT4G30872.1	0	0	0	0	0	NA	NA	NA	1	1	1	308
transcript:AT4G30975.3	0	0	0	0	0	NA	NA	NA	1	1	1	308
transcript:AT4G30975.1	0	0	0	0	0	NA	NA	NA	1	1	1	308
transcript:AT4G30975.2	0	0	0	0	0	NA	NA	NA	1	1	1	308
transcript:AT4G31408.1	0	0	0	0	0	NA	NA	NA	1	1	1	308
transcript:AT4G31408.3	0	0	0	0	0	NA	NA	NA	1	1	1	308
transcript:AT4G31408.2	0	0	0	0	0	NA	NA	NA	1	1	1	308
transcript:AT4G09195.1	0	0	0	0	0	NA	NA	NA	1	1	1	308
transcript:AT4G36648.1	3444	2703	1780	2630	2550.61408080221	-0.267447039317229	0.17543214078264	-1.5245042221117	0.12738280296516	0.382148408895481	0.813954520641786	59
transcript:AT4G09365.1	10	11	9	11	10.0696986019091	0.146969099656776	1.12734414481399	0.130367554870324	0.896275634948689	0.963473150464512	1	216
transcript:AT4G09405.1	0	3	4	0	1.85492835753432	0.718002030685361	3.0175745156177	0.237940116132769	0.811927540693138	1	1	197
transcript:AT4G09535.1	24	21	12	19	18.325981392805	-0.329331525431093	0.851940672709021	-0.386566266855035	0.699077335220067	0.954214656452791	1	164
transcript:AT4G39404.1	2	8	2	0	2.88523072058559	-2.0334034058588	2.34600179689072	-0.866752706052389	0.386077520183334	1	1	93
transcript:AT4G40065.1	125	215	244	340	231.428546097747	0.983351514641569	0.323691290776329	3.03793009778897	0.00238209204174975	0.016972405797467	0.0374186958224857	24
transcript:AT5G00885.1	0	0	0	0	0	NA	NA	NA	1	1	1	308
transcript:AT5G03285.1	72	78	53	25	55.5636563648449	-0.679761551198079	0.564209472818136	-1.20480350640477	0.228279166055846	0.582622946202233	1	74
transcript:AT5G00925.1	63	46	30	38	42.6436455093039	-0.458778667405555	0.573772892947849	-0.799582331344561	0.423952827755609	0.803121199405847	1	103
transcript:AT5G06165.1	31	38	30	8	26.3518100559696	-0.576864967336201	0.81806217201954	-0.705160300851098	0.480710483674257	0.857368241331446	1	111
transcript:AT5G01265.1	18	20	23	23	20.9194565830016	0.503196390635838	0.797721864282095	0.630791774885957	0.528176682114568	0.858668669787456	1	125
transcript:AT5G07322.1	65	56	115	77	79.5149394441092	0.919101971330149	0.461207164061763	1.9928180716791	0.0462813721421186	0.207723479908085	0.457963461551742	37
transcript:AT5G10278.2	0	0	0	0	0	NA	NA	NA	1	1	1	308
transcript:AT5G10278.1	8	3	6	9	6.40659585842306	0.669090383960884	1.43069284009346	0.467668786206532	0.640021466039697	0.943479919765415	1	142
transcript:AT5G02115.1	63	76	67	51	63.5035805974172	0.00384454796902534	0.492945250125082	0.00779913787190323	0.993777251389223	0.993777251389223	1	238
transcript:AT5G02135.1	0	0	0	0	0	NA	NA	NA	1	1	1	308
transcript:AT5G02445.1	4	2	1	4	2.61956375108941	-0.0847196275835869	2.17334046346747	-0.0389812958474165	0.968905301029819	1	1	231
transcript:AT5G02535.1	6	3	0	2	2.51810245641645	-2.01578959424408	2.43569774990187	-0.827602519370596	0.407895641010008	1	1	100
transcript:AT5G02825.1	0	0	0	0	0	NA	NA	NA	1	1	1	308
transcript:AT5G02975.1	0	0	0	0	0	NA	NA	NA	1	1	1	308
transcript:AT5G03315.1	3	6	21	8	10.0875159830778	1.95683643370404	1.23590698743322	1.58332014755259	0.113348513042783	0.372742225582999	0.791340544761653	54
transcript:AT5G22788.1	5	12	6	9	7.83820450111892	0.0155001267919029	1.30164665643607	0.0119080909671312	0.990498942615042	0.993777251389223	1	236
transcript:AT5G23155.2	0	0	0	0	0	NA	NA	NA	1	1	1	308
transcript:AT5G23155.1	0	0	0	0	0	NA	NA	NA	1	1	1	308
transcript:AT5G23410.1	180	159	130	146	150.209914144671	-0.0715837305021241	0.322767191159462	-0.221781310067412	0.82448412956252	0.963473150464512	1	199
transcript:AT5G24205.1	114	93	11	11	52.8102735007518	-3.00474038535474	0.581455025082082	-5.16762304174871	2.37089882544613e-07	4.50470776834765e-06	9.93143174659101e-06	9
transcript:AT5G24206.1	32	26	7	1	15.4197568885665	-2.57087170484664	1.08430280408906	-2.37099055277872	0.0177404845325344	0.0978588017762383	0.215747182863403	31
transcript:AT5G24735.1	500	524	760	732	631.505349293375	0.774230136965386	0.207007999323205	3.74009767495297	0.000183948760025399	0.00165553884022859	0.00364993065945135	19
transcript:AT5G03965.1	264	267	279	204	251.233933297429	0.10952942290808	0.299152127817627	0.366132855905518	0.714265941672264	0.954214656452791	1	171
transcript:AT5G04175.1	227	161	16	36	101.26256531744	-2.69754604118044	0.449547616113031	-6.0005791255318	1.96615010515566e-09	5.60352779969364e-08	1.23539764940614e-07	6
transcript:AT5G28262.1	14	25	17	33	21.9077924682408	0.545311655307524	0.812518732812804	0.671137332944616	0.502133046017711	0.857368241331446	1	114
transcript:AT5G28824.1	0	2	0	0	0.465947568578507	-2.24936007108631	4.88992907635596	-0.45999850631015	0.645517292642634	1	1	147
transcript:AT5G33399.1	0	4	4	5	3.31007782115821	1.35956392730461	2.13173341468858	0.637773897025123	0.523620873773744	1	1	124
transcript:AT5G33439.1	0	0	0	0	0	NA	NA	NA	1	1	1	308
transcript:AT5G34871.1	8	2	5	7	5.39575005123331	0.492772910771538	1.56771623789872	0.314325321674299	0.753273968192805	0.963473150464512	1	183
transcript:AT5G05295.1	2	0	2	7	2.73248639734005	2.36226056064465	2.38428337366457	0.990763340774352	0.321801153762525	1	1	85
transcript:AT5G37485.1	0	1	9	22	8.2115625338614	5.1317634167991	1.90476931017055	2.69416531933708	0.00705651547714311	0.044691264688573	0.0985298642549242	27
transcript:AT5G38005.1	13	12	29	25	20.1699547275756	1.34939590687418	0.827132547512179	1.6314143494085	0.102802919112159	0.351585983363582	0.74532116356315	52
transcript:AT5G05785.1	3	0	0	0	0.665155415907419	-2.76833141451469	4.85839098737848	-0.569804163910745	0.568810531064044	1	1	130.5
transcript:AT5G05865.1	52	32	0	1	19.2289567755183	-6.16834779040432	1.6388772773876	-3.76376430103222	0.000167374649150521	0.00159005916692995	0.00350556904054146	18
transcript:AT5G40275.1	0	2	0	0	0.465947568578507	-2.24936007108631	4.88992907635596	-0.45999850631015	0.645517292642634	1	1	147
transcript:AT5G40316.1	0	2	0	4	1.44368811204622	1.08816177028895	3.34191365126723	0.325610378914586	0.744719158566663	1	1	181
transcript:AT5G06095.1	0	0	0	0	0	NA	NA	NA	1	1	1	308
transcript:AT5G43403.1	139	126	95	112	115.005466002083	-0.13424709151651	0.360717348313236	-0.372166994862508	0.709768518192518	0.954214656452791	1	167
transcript:AT5G43725.1	0	0	0	0	0	NA	NA	NA	1	1	1	308
transcript:AT5G43725.2	120	141	166	168	148.494913740387	0.582095100323972	0.3332742485758	1.74659489237909	0.0807076338193898	0.293638412406716	0.63389120728979	48
transcript:AT5G44569.1	49	43	22	50	39.4618731699382	-0.162879812105726	0.617030820884853	-0.263973543286134	0.79180030527525	0.963473150464512	1	190
transcript:AT5G45475.1	422	447	318	315	366.604101417347	-0.228233878411655	0.237764381189833	-0.959916187906341	0.337097398308802	0.748219411660453	1	87
transcript:AT5G06955.1	6	1	0	0	1.56328461610409	-4.00056821804865	3.28560899124594	-1.2176032597633	0.223374775088643	1	1	73
transcript:AT5G48412.1	671	537	765	827	697.11421385905	0.627281875403216	0.198544782021749	3.15939743676821	0.00158095734760677	0.0123270397911513	0.0271771579021288	21
transcript:AT5G49615.1	0	0	0	0	0	NA	NA	NA	1	1	1	308
transcript:AT5G50190.1	0	2	0	0	0.465947568578507	-2.24936007108631	4.88992907635596	-0.45999850631015	0.645517292642634	1	1	147
transcript:AT5G08125.1	0	0	0	0	0	NA	NA	NA	1	1	1	308
transcript:AT5G08575.1	0	0	0	0	0	NA	NA	NA	1	1	1	308
transcript:AT5G08615.1	74	87	22	47	54.5223760702931	-1.03192422001526	0.539975711839004	-1.91105673346088	0.0559972904975924	0.227988968454483	0.490952988781217	43
transcript:AT5G57735.1	4	0	1	2	1.66474591077705	-0.188676972605365	2.88520040383446	-0.0653947546779112	0.947859700302939	1	1	228
transcript:AT5G08875.1	27	27	13	19	20.6779812656146	-0.544638038672718	0.804110968807919	-0.677317011954376	0.498204839482282	0.857368241331446	1	113
transcript:AT5G09865.1	19	12	13	0	10.765359144051	-0.91854060023115	1.37041909495296	-0.670262552246969	0.502690434608937	0.857368241331446	1	115
