WT_AGO1.1	WT_AGO1.2	ago1.1	ago1.2	baseMean	log2FC	lfcSE	stat	p.value	q.value	q.value_BH	ranking
transcript:AT1G04057.1	1	4	3	4	2.85275195568944	0.290792798553454	1.99424816023398	0.145815753702055	0.884066839175576	1	1	218
transcript:AT1G04425.1	59	41	109	66	66.911839667525	0.523344068579591	0.48502224665854	1.07901044165512	0.280583072915156	0.602227083330092	1	90
transcript:AT1G10682.1	630	728	924	967	790.885999891733	0.223330788355432	0.167613154421549	1.33241802605632	0.182722861921471	0.442358602981206	0.886811706923497	75
transcript:AT1G11175.1	225	268	163	151	203.009481597238	-0.903505711765279	0.268322595199236	-3.36723678113803	0.000759254679677748	0.00607403743742198	0.0130108642835687	22
transcript:AT1G11185.1	70	72	79	62	70.1198357974484	-0.271691441995532	0.433059296807239	-0.627376998943555	0.53041214128394	0.826128644831623	1	133
transcript:AT1G11592.2	0	2	3	0	1.16315212044146	0.436536777981646	3.47617404115034	0.12557966684464	0.900064659024968	1	1	221
transcript:AT1G11592.1	1	0	0	0	0.296454380108168	-1.80140831829548	4.98137185686678	-0.361628958860449	0.717629321228214	1	1	175.5
transcript:AT1G04867.1	0	0	0	0	0	NA	NA	NA	1	1	1	312
transcript:AT1G14518.1	1	3	0	0	1.03069954661503	-3.64213528908816	3.66506644097773	-0.993743318911443	0.320347847313279	1	1	95.5
transcript:AT1G15405.1	45	19	20	57	35.3586957651397	-0.0428697275104846	0.714258078986434	-0.0600199406513102	0.952139752976324	0.995480276045138	1	234
transcript:AT1G16635.1	6	8	1	12	6.67221120466311	-0.349682533389343	1.44424985584232	-0.242120525042669	0.808686774598441	0.965367727970931	1	198
transcript:AT1G05257.1	9	9	12	6	8.92091930777783	-0.263677451306933	1.15662394542628	-0.227971634470832	0.819668292328458	0.968198788253749	1	204
transcript:AT1G05353.1	16	10	4	0	8.08896109378053	-2.99506971844359	1.45116824717083	-2.06390246222843	0.0390269652552853	0.180756470656058	0.377260664134425	39
transcript:AT1G18745.1	77	86	130	104	96.561945842418	0.265085842683317	0.373992976928845	0.70879898563911	0.478449227342533	0.80968330781044	1	123
transcript:AT1G05463.1	26	42	50	31	36.2181125104602	0.0162122252328558	0.601909782402825	0.0269346432087157	0.978511862248914	0.995480276045138	1	242
transcript:AT1G19968.1	4	3	0	0	1.92006268693954	-4.53136318489424	2.86730802822596	-1.58035451381129	0.114025702144392	1	0.704273106865029	60
transcript:AT1G05547.1	2	0	0	0	0.592908760216337	-2.8273732634097	4.88370604781482	-0.578940099123039	0.562629592039599	1	1	139.5
transcript:AT1G21529.1	2	4	36	14	12.8185367999414	2.8239265339009	1.12345368541271	2.51361188322018	0.0119501865930005	0.0637343284960028	0.13652182865337	33
transcript:AT1G05697.1	0	0	0	0	0	NA	NA	NA	1	1	1	312
transcript:AT1G22403.2	3	8	9	12	7.57926231172585	0.720779956086499	1.26304054232768	0.570670482800308	0.568223030975159	0.8375439598366	1	142
transcript:AT1G22403.1	0	0	0	0	0	NA	NA	NA	1	1	1	312
transcript:AT1G23052.1	245	282	48	64	166.887233101967	-2.4886072558253	0.315833936718539	-7.8794802157156	3.2874574162429e-15	1.92864168419584e-13	4.13123815307858e-13	3
transcript:AT1G05813.1	0	0	4	0	0.898207123693618	3.18038340097385	4.25112288449581	0.748127844662634	0.454383048174039	1	1	119.5
transcript:AT1G24068.1	0	0	0	2	0.451824338734288	2.18842559959912	4.89197852413442	0.447349796979401	0.654622517564707	1	1	162.5
transcript:AT1G25175.2	0	0	0	0	0	NA	NA	NA	1	1	1	312
transcript:AT1G25175.3	0	0	0	0	0	NA	NA	NA	1	1	1	312
transcript:AT1G25175.4	0	0	0	0	0	NA	NA	NA	1	1	1	312
transcript:AT1G25175.1	0	0	0	0	0	NA	NA	NA	1	1	1	312
transcript:AT1G25175.5	0	0	0	0	0	NA	NA	NA	1	1	1	312
transcript:AT1G26235.1	5	2	5	2	3.5463519215634	-0.31200084334273	1.81796972030318	-0.171620484025827	0.863735902466455	1	1	213
transcript:AT1G26558.1	0	0	0	0	0	NA	NA	NA	1	1	1	312
transcript:AT1G26558.2	0	0	0	0	0	NA	NA	NA	1	1	1	312
transcript:AT1G31258.1	33	33	51	61	43.0924745336345	0.501257982619717	0.541588368930185	0.925533138035933	0.354688654597035	0.677822825034439	1	103
transcript:AT1G31935.1	62	75	28	4	43.927399272702	-2.3521010875316	0.687990988732222	-3.41879635933295	0.000628987808095317	0.00527151686784646	0.0112918287453302	21
transcript:AT1G32172.1	4	5	10	2	5.10690161257912	0.162789322633786	1.55498153504893	0.104688910424048	0.916622661805012	0.995480276045138	1	223
transcript:AT1G06677.1	0	0	0	0	0	NA	NA	NA	1	1	1	312
transcript:AT1G33615.6	9	1	5	6	5.39106973062902	-0.214943871565891	1.57218736340208	-0.136716447778063	0.8912549281658	0.986546335579753	1	220
transcript:AT1G33615.1	0	0	0	0	0	NA	NA	NA	1	1	1	312
transcript:AT1G33615.5	0	0	0	0	0	NA	NA	NA	1	1	1	312
transcript:AT1G33615.4	0	0	0	0	0	NA	NA	NA	1	1	1	312
transcript:AT1G33615.2	0	0	0	0	0	NA	NA	NA	1	1	1	312
transcript:AT1G33615.3	0	0	0	0	0	NA	NA	NA	1	1	1	312
transcript:AT1G34392.1	0	0	0	0	0	NA	NA	NA	1	1	1	312
transcript:AT1G34418.1	339	392	396	379	370.982620716049	-0.170081936431526	0.21159256519786	-0.803818112760638	0.421502027558836	0.749336937882375	1	113
transcript:AT1G06797.1	0	0	0	0	0	NA	NA	NA	1	1	1	312
transcript:AT1G43765.1	14	25	12	10	15.2228141071572	-1.05539699994462	0.897406199885152	-1.17605271735329	0.239573810606226	0.533734059072099	1	87
transcript:AT1G07257.1	0	0	0	0	0	NA	NA	NA	1	1	1	312
transcript:AT1G46554.1	146	185	144	126	149.361181223613	-0.542970914219741	0.305678202599076	-1.77628273656102	0.0756863271815697	0.277617203498911	0.583232732918877	48
transcript:AT1G07507.1	0	0	0	0	0	NA	NA	NA	1	1	1	312
transcript:AT1G07543.1	0	4	2	5	2.55765796402501	0.660756143652876	2.27236963580434	0.290778460177317	0.771220760159456	1	1	191
transcript:AT1G49832.2	0	0	0	0	0	NA	NA	NA	1	1	1	312
transcript:AT1G49832.1	0	0	0	0	0	NA	NA	NA	1	1	1	312
transcript:AT1G49952.1	6	2	6	2	4.06735808259497	-0.320629916186407	1.72819080534021	-0.185529233922344	0.852813952914421	0.980159736305238	1	210
transcript:AT1G50055.1	109	74	101	140	104.73234179029	0.112245294848214	0.40204924510443	0.279182951379648	0.780104426511011	0.955743576697009	1	193
transcript:AT1G07647.1	29	22	14	14	20.2881368815882	-1.14425624739037	0.787798374935833	-1.45247348026526	0.146369997858002	0.396324917277051	0.799731727427054	69
transcript:AT1G50659.1	191	212	283	183	213.399526029323	-0.048113555511955	0.291260014432246	-0.165191077140276	0.868793588194094	0.983792493241733	1	214
transcript:AT1G07757.1	10	9	7	6	8.09461478326897	-0.816561451815248	1.20294926465811	-0.678799576844434	0.497264861949965	0.812953933472263	1	126
transcript:AT1G52347.1	0	0	0	0	0	NA	NA	NA	1	1	1	312
transcript:AT1G52347.2	0	0	0	0	0	NA	NA	NA	1	1	1	312
transcript:AT1G52615.2	0	0	0	0	0	NA	NA	NA	1	1	1	312
transcript:AT1G52615.1	0	0	0	0	0	NA	NA	NA	1	1	1	312
transcript:AT1G07847.1	17	29	21	24	22.2749072022748	-0.263757791178945	0.739935895022229	-0.356460327108501	0.721495857754726	0.930240589789958	1	178
transcript:AT1G07963.1	26	21	59	61	39.8767274542371	1.07985786957479	0.5734973178058	1.88293447248599	0.0597092487993803	0.250210185445022	0.523497367380613	43
transcript:AT1G07977.1	0	0	1	0	0.224551780923405	1.18321089284256	4.99726510796943	0.236771687568792	0.812833917117249	1	1	202
transcript:AT1G55525.1	2	0	41	81	28.0984174968146	5.65339566464543	1.22133347765076	4.62887144919646	3.67663903115874e-06	5.88262244985398e-05	0.000126008446795168	11
transcript:AT1G57835.1	0	0	0	0	0	NA	NA	NA	1	1	1	312
transcript:AT1G58590.2	7	6	22	12	11.1947562064915	1.11675079284041	1.05975254395531	1.05378448885093	0.291981596597867	0.611770964300292	1	92
transcript:AT1G58590.1	1	1	2	0	0.990306330790599	-0.266028753782909	3.44049284203943	-0.0773228621586709	0.938366703978805	1	1	229
transcript:AT1G58808.1	0	0	0	0	0	NA	NA	NA	1	1	1	312
transcript:AT1G08253.1	0	0	0	0	0	NA	NA	NA	1	1	1	312
transcript:AT1G08427.1	27	22	30	32	27.354475664755	0.0657869027716952	0.673295762023846	0.0977087729973938	0.922163549050116	0.995480276045138	1	227
transcript:AT1G08493.1	0	0	0	0	0	NA	NA	NA	1	1	1	312
transcript:AT1G08547.1	27	33	56	108	53.0543791178582	1.20085761336554	0.532746388957398	2.25408869634134	0.0241905886417269	0.11826510002622	0.253329219942529	36
transcript:AT1G64563.1	40	53	92	80	63.5615772069394	0.640163893128047	0.449917330440134	1.42284782073587	0.154780275179888	0.406586991517319	0.82186146116645	71
transcript:AT1G64572.1	64	114	142	122	106.322034208099	0.338434713693401	0.371339168801537	0.911389753969848	0.36209005027244	0.677822825034439	1	105
transcript:AT1G64618.1	5	2	2	0	2.42087224005889	-2.12489302050902	2.39108480636087	-0.888673214290136	0.374178730620104	1	1	110
transcript:AT1G08747.1	70	104	50	51	68.954748730371	-1.0241456005067	0.436288370931533	-2.34740522265128	0.0189046820748337	0.0978595307403157	0.209619563006244	34
transcript:AT1G08747.2	266	297	145	198	228.837754361541	-0.970927857846148	0.272021037279745	-3.5693116516119	0.000357920436675367	0.00366884514159573	0.0078588330589863	16
transcript:AT1G66173.1	18	14	16	9	14.3886943047245	-0.634432707115844	0.92991640884967	-0.682247028956778	0.495082761682094	0.812953933472263	1	125
transcript:AT1G08823.1	0	0	0	0	0	NA	NA	NA	1	1	1	312
transcript:AT1G67105.1	64	54	62	79	63.9587651213018	-0.0150156523851363	0.461305372611789	-0.0325503522755905	0.974033161972448	0.995480276045138	1	241
transcript:AT1G67238.1	0	0	0	0	0	NA	NA	NA	1	1	1	312
transcript:AT1G08933.1	0	0	2	0	0.449103561846809	2.18050413351932	4.89256248343658	0.445677319584832	0.655830349993681	1	1	168
transcript:AT1G68568.1	161	158	318	299	225.354605607862	0.688130093358518	0.264101811039916	2.6055485596595	0.00917272702065495	0.0520774179237184	0.111552196347965	31
transcript:AT1G68568.2	0	0	0	0	0	NA	NA	NA	1	1	1	312
transcript:AT1G68568.3	0	0	0	4	0.903648677468575	3.18854680867726	4.24107717538741	0.751824755083829	0.452156452929555	1	1	118
transcript:AT1G68872.4	2	4	4	1	2.69602160861959	-0.488971442560569	2.0596617626441	-0.237403757951427	0.812343574634972	1	1	200
transcript:AT1G68872.1	0	0	0	0	0	NA	NA	NA	1	1	1	312
transcript:AT1G68872.2	0	0	0	0	0	NA	NA	NA	1	1	1	312
transcript:AT1G68872.3	0	0	0	0	0	NA	NA	NA	1	1	1	312
transcript:AT1G69252.2	0	0	0	0	0	NA	NA	NA	1	1	1	312
transcript:AT1G69252.1	0	1	0	0	0.244748388835622	-1.6616118788516	4.99053578040508	-0.33295260308037	0.739170061015437	1	1	184
transcript:AT1G09073.1	0	0	0	0	0	NA	NA	NA	1	1	1	312
transcript:AT1G70185.1	2	7	5	11	5.91394024972129	0.630787764257992	1.44559760953434	0.436350862852619	0.662582184082976	0.883442912110635	1	170
transcript:AT1G70518.1	95	80	121	94	96.1495466293692	0.0237976414389654	0.389363485837533	0.0611193455590115	0.951264162423915	0.995480276045138	1	233
transcript:AT1G70581.1	10	16	37	11	17.6739677796562	0.64614971770937	0.897385439155954	0.720035883708024	0.471502902154423	0.805674861933771	1	122
transcript:AT1G09277.1	0	0	0	0	0	NA	NA	NA	1	1	1	312
transcript:AT1G09583.1	0	0	0	0	0	NA	NA	NA	1	1	1	312
transcript:AT1G77138.1	13	27	10	17	16.5481381284435	-0.787032885763999	0.876950264663649	-0.897465817021975	0.369470405778939	0.677822825034439	1	108
transcript:AT1G78865.1	66	67	65	56	63.2110783837071	-0.398523261690904	0.450904615173582	-0.88383052264277	0.376787706972239	0.683656045640351	1	111
transcript:AT1G09837.1	31	55	23	29	34.3673910421979	-0.954763521099879	0.613352802174269	-1.55663024235863	0.119558299308652	0.350704344638713	0.704273106865029	64
transcript:AT1G09843.1	64	71	91	67	71.9205433458804	-0.0301923448950853	0.429890633680586	-0.0702326185536729	0.94400851256566	0.995480276045138	1	232
transcript:AT1G79075.1	2	11	7	8	6.66430085880916	0.025139179719248	1.37214980084489	0.0183210169208703	0.985382761201441	0.99670899983594	1	243
transcript:AT1G79075.2	0	0	0	0	0	NA	NA	NA	1	1	1	312
transcript:AT1G09903.1	30	70	50	44	47.1937431200631	-0.304354638959487	0.545954907017226	-0.557472119121156	0.577204903124559	0.8375439598366	1	146
transcript:AT1G09923.1	2	1	1	2	1.51403326870965	-0.297756846141732	2.65718340846457	-0.1120573179831	0.910777959524166	1	1	222
transcript:AT2G01422.1	0	0	0	0	0	NA	NA	NA	1	1	1	312
transcript:AT2G01422.2	0	0	0	0	0	NA	NA	NA	1	1	1	312
transcript:AT2G04705.1	0	0	0	0	0	NA	NA	NA	1	1	1	312
transcript:AT2G05518.1	22	42	11	16	22.8860929935076	-1.46941662731662	0.757678768721225	-1.93936624329151	0.0524567579100843	0.225180229077435	0.470861850764328	42
transcript:AT2G05995.1	14	10	4	10	9.75517402723563	-1.05876758128954	1.14084930484388	-0.928052089609175	0.353380550142394	0.677822825034439	1	102
transcript:AT2G06002.1	22	24	49	45	33.5650425812029	0.773781108364205	0.607862782740777	1.27295358481288	0.203034512843462	0.476454323472656	0.947282293434532	80
transcript:AT2G06562.1	0	2	0	0	0.489496777671243	-2.57607084916338	4.90229490748011	-0.525482635741215	0.599247721240707	1	1	150.5
transcript:AT2G07042.1	72	110	799	674	379.948713250962	2.77527273346151	0.240257094494823	11.5512623645805	7.27440272155074e-31	1.28029487899293e-28	2.74244982602463e-28	1
transcript:AT2G10537.1	0	0	0	0	0	NA	NA	NA	1	1	1	312
transcript:AT2G05685.1	0	0	0	0	0	NA	NA	NA	1	1	1	312
transcript:AT2G14878.1	697	695	1060	1066	855.576093500335	0.347341694262541	0.173679213585765	1.99990365623701	0.0455106682844707	0.200246940451671	0.418476144957207	41
transcript:AT2G15128.1	40	43	44	36	40.3954723821054	-0.311891355809625	0.55441526824566	-0.562559102667835	0.573735147395117	0.8375439598366	1	144
transcript:AT2G15292.1	378	394	198	294	319.370051298897	-0.910225728729729	0.255902503136917	-3.55692389707781	0.00037522279857229	0.00366884514159573	0.0078588330589863	18
transcript:AT2G15555.1	4	0	0	0	1.18581752043267	-3.82879723139026	3.81132034628994	-1.0045855198494	0.315096472641148	1	1	94
transcript:AT2G18440.2	14	27	14	3	14.5800292611052	-1.49616566407139	1.00155003892369	-1.493850138211	0.135214793386068	0.377742914856317	0.760835479202205	67
transcript:AT2G18440.1	0	0	0	0	0	NA	NA	NA	1	1	1	312
transcript:AT2G18735.1	100	100	102	81	95.3234442673049	-0.391415689717734	0.379324294267377	-1.03187614300769	0.30213014332794	0.625587120302558	1	93
transcript:AT2G19796.1	0	0	0	0	0	NA	NA	NA	1	1	1	312
transcript:AT2G21188.1	20	56	208	142	98.4212958591608	1.99057014514625	0.444877246065698	4.47442561459368	7.66169929134154e-06	0.000100701543493199	0.000215707283505317	13
transcript:AT2G07405.1	0	0	0	0	0	NA	NA	NA	1	1	1	312
transcript:AT2G07575.1	0	0	1	0	0.224551780923405	1.18321089284256	4.99726510796943	0.236771687568792	0.812833917117249	1	1	202
transcript:AT2G22482.1	20	26	12	37	23.3459173495547	-0.15433043837404	0.782727733337269	-0.197170014298626	0.843694495107617	0.980159736305238	1	208
transcript:AT2G07975.1	0	0	0	0	0	NA	NA	NA	1	1	1	312
transcript:AT2G24735.1	2	2	1	5	2.4365181656467	0.325479956142189	2.16851404089559	0.150093543322305	0.880690813963008	1	1	216
transcript:AT2G08135.1	27	32	23	17	24.8414145461402	-0.814042560232358	0.703237801407115	-1.15756371259271	0.247042124884998	0.543492674746995	1	88
transcript:AT2G27400.1	85	126	180	164	133.505835644907	0.464727106143973	0.325083953235937	1.42956027671623	0.152843263341118	0.406586991517319	0.82186146116645	70
transcript:AT2G08205.1	3	6	15	13	8.66298838896217	1.40906161581064	1.19693405304946	1.17722577298284	0.239105404351363	0.533734059072099	1	86
transcript:AT2G08330.1	247	247	124	171	200.1524857254	-1.00661620656017	0.291073845720397	-3.45828462900483	0.000543626725560329	0.0047839151849309	0.0102473637768122	20
transcript:AT2G30115.1	0	0	0	0	0	NA	NA	NA	1	1	1	312
transcript:AT2G30945.2	0	0	0	0	0	NA	NA	NA	1	1	1	312
transcript:AT2G30945.1	0	0	0	0	0	NA	NA	NA	1	1	1	312
transcript:AT2G30945.3	0	0	0	0	0	NA	NA	NA	1	1	1	312
transcript:AT2G31585.1	0	0	0	0	0	NA	NA	NA	1	1	1	312
transcript:AT2G31585.2	0	0	0	0	0	NA	NA	NA	1	1	1	312
transcript:AT2G08475.1	150	198	771	553	390.987190757654	1.68027319723552	0.237587412849544	7.0722315508338	1.52461734569945e-12	5.36665305686207e-11	1.14956147865739e-10	5
transcript:AT2G31902.1	44	58	79	67	60.1151053177731	0.270271931410627	0.460039976579707	0.587496620228612	0.556870219690952	0.8375439598366	1	137
transcript:AT2G31902.2	0	0	0	0	0	NA	NA	NA	1	1	1	312
transcript:AT2G31902.3	0	0	0	0	0	NA	NA	NA	1	1	1	312
transcript:AT2G31902.4	0	2	2	5	2.06816118635377	1.64695129274344	2.52484546311083	0.652297860128931	0.51420904022373	1	1	129
transcript:AT2G31902.5	104	85	62	102	88.6001202749771	-0.479034302365256	0.424002710438976	-1.12979066069956	0.258564444445372	0.561819039782537	1	89
transcript:AT2G32795.1	35	27	38	58	38.6199833007314	0.354760161345559	0.591747978986349	0.599512248361634	0.548831344748717	0.8375439598366	1	135
transcript:AT2G08610.1	14	7	3	3	7.21499189423535	-2.11034865141182	1.35509114009522	-1.55734812882294	0.119387854346029	0.350704344638713	0.704273106865029	63
transcript:AT2G08745.1	1	5	4	5	3.54796429481561	0.397776813674455	1.81732693820643	0.218880161467828	0.826743400629501	1	1	205
transcript:AT2G36307.1	30	58	25	23	33.8988123742405	-1.09902533332778	0.621148887765591	-1.76934283385939	0.0768366793355315	0.277617203498911	0.583232732918877	49
transcript:AT2G08915.1	46	51	122	91	74.0723940006579	0.877944103516811	0.428613046089611	2.0483373325348	0.0405269573662524	0.182890884524626	0.381966573176929	40
transcript:AT2G08915.2	349	441	781	598	521.867036316991	0.554188298967111	0.205834937140348	2.69239180999307	0.00709415483657868	0.0416190417079282	0.0891498791130054	30
transcript:AT2G09000.1	2	3	8	8	4.93086552904759	1.43660591775895	1.56117654323319	0.920207214223024	0.35746448507458	0.677822825034439	1	104
transcript:AT2G09035.1	0	0	0	0	0	NA	NA	NA	1	1	1	312
transcript:AT2G09045.1	22	16	7	6	13.3653060664163	-1.82976357044695	0.984807996713083	-1.857990163112	0.0631704112354287	0.258557962265941	0.541255568994469	44
transcript:AT2G39675.1	91	128	675	562	336.840233668436	2.25319344040957	0.241077707197752	9.34633677497736	9.07359356541547e-21	7.98476233756561e-19	1.71037238708082e-18	2
transcript:AT2G39681.1	198	248	565	487	356.286550396174	0.988079759435494	0.221299063293067	4.46490710232686	8.01035005059534e-06	0.000100701543493199	0.000215707283505317	14
transcript:AT2G09155.1	0	0	0	0	0	NA	NA	NA	1	1	1	312
transcript:AT2G09215.1	26	30	34	41	31.9474250433297	0.167568470608701	0.618820374615463	0.270786931850505	0.786554911377943	0.955743576697009	1	194
transcript:AT2G41312.2	0	0	0	0	0	NA	NA	NA	1	1	1	312
transcript:AT2G41312.1	0	1	0	0	0.244748388835622	-1.6616118788516	4.99053578040508	-0.33295260308037	0.739170061015437	1	1	184
transcript:AT2G09365.1	0	0	0	0	0	NA	NA	NA	1	1	1	312
transcript:AT2G42388.1	1	0	0	0	0.296454380108168	-1.80140831829548	4.98137185686678	-0.361628958860449	0.717629321228214	1	1	175.5
transcript:AT2G42425.1	0	0	0	0	0	NA	NA	NA	1	1	1	312
transcript:AT2G42485.1	68	51	60	70	61.9280243890765	-0.151486996000947	0.473207812335655	-0.320127842465741	0.748871420141811	0.934761488971338	1	189
transcript:AT2G09395.1	166	209	400	390	278.290298787149	0.825539975927178	0.236914431524776	3.48454912862007	0.000492966953160417	0.00456643072401228	0.00978150217586722	19
transcript:AT2G09400.1	38	39	89	55	53.2207314260756	0.641536957987399	0.509027485198177	1.26031889562434	0.207554346203889	0.480652170156376	0.954243762425199	82
transcript:AT2G43375.1	63	67	47	52	57.3761345092928	-0.652011909074407	0.47020475770284	-1.38665527813835	0.165546903706085	0.422264565974942	0.854947708180741	73
transcript:AT2G09475.1	0	0	0	0	0	NA	NA	NA	1	1	1	312
transcript:AT2G44995.1	38	29	35	26	32.0959984562083	-0.414220616668525	0.634996986334581	-0.652319027621766	0.514195387730729	0.825513758528785	1	128
transcript:AT2G45023.1	3	0	0	0	0.889363140324505	-3.41351623137699	4.27642426557813	-0.798217393641957	0.424744345415965	1	1	114
transcript:AT2G45023.2	0	0	0	0	0	NA	NA	NA	1	1	1	312
transcript:AT2G45245.3	0	1	0	2	0.696572727569909	0.783637005571784	4.3609737428383	0.179693126302054	0.857393490023858	1	1	211
transcript:AT2G45245.4	1	2	11	6	4.61149376413973	2.26961956781412	1.7063251607385	1.33012137430584	0.183478284191068	0.442358602981206	0.886811706923497	78
transcript:AT2G45245.2	0	0	0	0	0	NA	NA	NA	1	1	1	312
transcript:AT2G45245.1	0	0	0	0	0	NA	NA	NA	1	1	1	312
transcript:AT2G45780.1	2	4	2	8	3.82830323234278	0.513792880283951	1.76760436003828	0.290671878786735	0.771302280862163	1	1	192
transcript:AT2G09675.1	27	38	53	44	39.1460868797689	0.333918185163827	0.56406703562654	0.591983158159429	0.553861866326584	0.8375439598366	1	136
transcript:AT2G46192.1	90	73	66	46	69.7599039265689	-0.817643751397269	0.455379264670667	-1.79552257828119	0.0725704787535174	0.277617203498911	0.582107882767576	47
transcript:AT2G09735.1	410	399	467	531	444.025946614945	0.0382083873296913	0.213003151485797	0.179379446093496	0.857639769267083	0.980159736305238	1	212
transcript:AT2G09785.1	478	520	640	666	563.145000475724	0.130050277339795	0.186940066655455	0.695678993094013	0.486629884039807	0.812953933472263	1	124
transcript:AT3G00980.1	12	2	6	5	6.52382087134541	-0.693489371591852	1.43188448086137	-0.484319357365111	0.628159240173381	0.869645625901589	1	154
transcript:AT3G01005.1	52	32	74	102	62.9074492721453	0.779020065780185	0.496247123584919	1.56982283373755	0.116456333864689	0.350704344638713	0.704273106865029	61
transcript:AT3G01135.1	70	83	82	64	73.9375477561448	-0.320785540196359	0.420577428990216	-0.762726475756315	0.445626537494724	0.776537332664073	1	117
transcript:AT3G02832.1	72	37	28	43	46.4020789033486	-0.919801487825953	0.587200331396277	-1.56641854346165	0.117250664558809	0.350704344638713	0.704273106865029	62
transcript:AT3G04485.1	41	64	56	44	50.3335616537797	-0.307819261888253	0.506252153086494	-0.608035462193207	0.543163954321186	0.8375439598366	1	134
transcript:AT3G01525.1	49	67	73	63	61.5491533548255	-0.015449826414512	0.454484840342545	-0.0339941512743692	0.972881814614143	0.995480276045138	1	240
transcript:AT3G01605.1	12	20	37	40	25.7973230068622	1.03157624880704	0.698639372241084	1.47655040611004	0.139796194059567	0.384439533663808	0.775046546477303	68
transcript:AT3G05152.1	0	0	8	6	3.1518872635901	4.99129333816646	2.40711667832816	2.07355687537055	0.0381204837993748	1	0.377260664134425	38
transcript:AT3G01615.1	17	19	15	18	17.1246396121753	-0.381352174509507	0.833509378916894	-0.457525954902939	0.647293051097205	0.869645625901589	1	159
transcript:AT3G06125.2	0	0	0	0	0	NA	NA	NA	1	1	1	312
transcript:AT3G06125.3	0	0	0	0	0	NA	NA	NA	1	1	1	312
transcript:AT3G06125.1	1	3	0	0	1.03069954661503	-3.64213528908816	3.66506644097773	-0.993743318911443	0.320347847313279	1	1	95.5
transcript:AT3G01905.1	43	47	41	33	40.9124372269008	-0.540308807684828	0.55211988172066	-0.978607772647088	0.327773817316184	0.670792928461027	1	98
transcript:AT3G06962.1	4	0	7	4	3.66132866436508	1.09465739912739	1.96110744788439	0.558183285830812	0.57671923300144	1	1	145
transcript:AT3G01925.1	12	10	14	14	12.3114317537219	0.0755847017062715	0.980444157841978	0.0770923066874491	0.93855011316175	0.995480276045138	1	230
transcript:AT3G07215.4	1	0	3	0	0.970109722878382	1.23956933220732	3.82287006362158	0.324250971541788	0.745748035093315	1	1	188
transcript:AT3G07215.3	0	0	0	0	0	NA	NA	NA	1	1	1	312
transcript:AT3G07215.2	0	0	0	0	0	NA	NA	NA	1	1	1	312
transcript:AT3G07215.1	0	0	0	0	0	NA	NA	NA	1	1	1	312
transcript:AT3G02075.1	16	20	4	15	13.9251275226439	-1.16964316805501	0.991033638860887	-1.18022549607844	0.237910541134994	0.533734059072099	1	85
transcript:AT3G02115.1	106	89	169	182	132.272036698712	0.575888287926845	0.337735330919305	1.70514670869434	0.0881670661199287	0.298411608405913	0.615536739392836	54
transcript:AT3G11415.1	2	7	1	0	2.53069926298909	-3.36398487424993	2.5266059421351	-1.33142442917205	0.183049395627012	1	0.886811706923497	77
transcript:AT3G02475.1	3	6	4	3	3.93379710513329	-0.586843549293391	1.69488377300588	-0.346244125196044	0.729159256033409	0.930240589789958	1	181
transcript:AT3G02565.1	64	64	89	91	75.1800931269957	0.229556812359198	0.415448371805123	0.552551960576411	0.580570244886734	0.8375439598366	1	147
transcript:AT3G02585.1	21	35	40	26	29.6475232320002	0.00258981254752577	0.65662223633163	0.00394414383831158	0.996853036684996	0.996853036684996	1	246
transcript:AT3G12965.1	227	311	317	380	300.441432124666	0.129673461559468	0.238056751605748	0.544716588312623	0.585948454124556	0.838430308340828	1	148
transcript:AT3G13277.1	112	141	136	108	122.649969895172	-0.301945007822353	0.336618353479073	-0.896995082715013	0.369721540927876	0.677822825034439	1	109
transcript:AT3G14185.1	2	2	0	4	1.98605421535616	-0.25897140832095	2.53645057379027	-0.102099923017212	0.918677362119617	1	1	224
transcript:AT3G03065.1	0	0	0	0	0	NA	NA	NA	1	1	1	312
transcript:AT3G15536.1	0	0	233	127	81.0114104647805	9.67516993974749	1.5068857423607	6.42063938078697	1.35703154600133e-10	3.98062586827056e-09	8.52668154737501e-09	6
transcript:AT3G03155.1	10	17	26	15	16.3522952558029	0.368472339755453	0.872560312490266	0.422288676760741	0.672814322086459	0.890340757046743	1	172
transcript:AT3G03155.2	32	33	32	27	30.8485225574987	-0.400859373811723	0.629887685996931	-0.63639817498143	0.524516930110486	0.825513758528785	1	131
transcript:AT3G17185.1	0	0	0	0	0	NA	NA	NA	1	1	1	312
transcript:AT3G17185.2	0	0	0	0	0	NA	NA	NA	1	1	1	312
transcript:AT3G18362.1	0	0	0	0	0	NA	NA	NA	1	1	1	312
transcript:AT3G18362.2	0	0	0	0	0	NA	NA	NA	1	1	1	312
transcript:AT3G03695.1	0	0	0	0	0	NA	NA	NA	1	1	1	312
transcript:AT3G03745.1	30	33	38	42	34.99160702333	0.087889907609007	0.590904006835444	0.148738046437859	0.881760338427659	0.98487248402544	1	217
transcript:AT3G04195.1	13	11	27	23	17.8050171989743	0.788153503086749	0.830581944008102	0.948917212531002	0.342662719504708	0.677822825034439	1	100
transcript:AT3G04355.1	30	29	50	66	42.1291269038798	0.712143510457882	0.554137836222727	1.28513785543358	0.198744115152266	0.472688706308093	0.947282293434532	79
transcript:AT3G04535.1	0	0	0	0	0	NA	NA	NA	1	1	1	312
transcript:AT3G04685.1	114	115	62	70	91.6779263213788	-1.05713811311995	0.384855469812242	-2.74684445471358	0.00601716640197614	0.0365179754050966	0.0782231632256898	29
transcript:AT3G25795.1	2	8	4	2	3.90092733332922	-0.928659695986083	1.75032312115438	-0.530564719600806	0.595720449284554	1	1	149
transcript:AT3G26612.1	61	84	110	137	94.2932449536637	0.524447039387485	0.380578525370662	1.37802583284672	0.168195312472579	0.422891071359627	0.85688692975895	74
transcript:AT3G05185.1	0	0	0	0	0	NA	NA	NA	1	1	1	312
transcript:AT3G05215.1	0	0	0	0	0	NA	NA	NA	1	1	1	312
transcript:AT3G27884.2	0	0	0	0	0	NA	NA	NA	1	1	1	312
transcript:AT3G27884.3	0	0	0	0	0	NA	NA	NA	1	1	1	312
transcript:AT3G27884.1	0	0	0	0	0	NA	NA	NA	1	1	1	312
transcript:AT3G41761.1	64	78	62	90	72.3177603163953	-0.152306724883519	0.433220963673007	-0.351568224197201	0.725162099081849	0.930240589789958	1	179
transcript:AT3G44765.1	0	3	5	0	1.85700407112389	0.589060761525034	2.8659941458067	0.205534530622437	0.837154522396367	1	1	206
transcript:AT3G44798.1	179	194	147	166	171.057053384159	-0.51096487915174	0.290428920728621	-1.75934572173406	0.0785188051251881	0.277617203498911	0.583232732918877	50
transcript:AT3G45638.1	4	4	0	0	2.16481107577516	-4.70621326391592	2.74140231890704	-1.71671747392124	0.0860308058436186	1	0.611954977415929	53
transcript:AT3G45638.2	0	0	0	0	0	NA	NA	NA	1	1	1	312
transcript:AT3G46614.1	2	12	4	2	4.8799208886717	-1.39799930073379	1.62752388134319	-0.858973141199028	0.390355334458719	0.701046314946272	1	112
transcript:AT3G07485.1	0	0	1	1	0.450463950290548	2.18446931474472	4.89226978378658	0.446514483314933	0.655225652988867	1	1	166
transcript:AT3G07635.1	4	4	0	2	2.61663541450945	-2.26035927137857	2.29421907180402	-0.985241252310388	0.324505581903263	1	1	97
transcript:AT3G48115.2	0	0	0	0	0	NA	NA	NA	1	1	1	312
transcript:AT3G48115.1	42	92	62	81	67.18903187341	-0.123774442843502	0.471773824287135	-0.262359708130328	0.793044133175119	0.955998407115212	1	197
transcript:AT3G08085.1	2	9	0	2	3.24746859847122	-2.63928811210613	2.15726180663736	-1.22344358203798	0.221162200937126	1	0.992597020872576	84
transcript:AT3G08170.1	19	36	52	38	34.7049302641061	0.482402979532196	0.61397225686926	0.785708106734403	0.432038512789799	0.760387782510047	1	116
transcript:AT3G08170.2	248	275	532	410	352.912030088402	0.591656197009967	0.231209754947612	2.55895862674145	0.0104986235307685	0.0577424294192268	0.123686908471866	32
transcript:AT3G52742.1	0	0	0	0	0	NA	NA	NA	1	1	1	312
transcript:AT3G52748.1	6	10	19	30	15.2700590875642	1.37950886887742	0.918200934311742	1.50240412237379	0.132992772367912	0.377527869947622	0.759670836101559	66
transcript:AT3G53365.1	8	22	11	18	14.2925882340151	-0.255560560475204	0.947625140427865	-0.269685289649254	0.787402378528786	0.955743576697009	1	195
transcript:AT3G54366.1	367	402	353	374	370.945539820891	-0.338565299507175	0.214081497829189	-1.58147856279158	0.113768656729216	0.350704344638713	0.704273106865029	59
transcript:AT3G08410.1	0	1	0	0	0.244748388835622	-1.6616118788516	4.99053578040508	-0.33295260308037	0.739170061015437	1	1	184
transcript:AT3G55485.1	4	9	5	10	6.77043361824173	-0.0106970419264505	1.32771300517696	-0.00805674259779115	0.993571719015401	0.996853036684996	1	245
transcript:AT3G08705.1	34	42	34	36	36.1264799033868	-0.368941722713136	0.580868250756608	-0.635155600659139	0.52532693724559	0.825513758528785	1	132
transcript:AT3G08785.1	1866	2068	1023	1365	1597.4101244647	-0.977043687587374	0.170366789018931	-5.73494219861599	9.75456066063947e-09	2.45257525181792e-07	5.25352767008726e-07	7
transcript:AT3G57157.1	14	21	232	158	97.080213421301	3.23337272090203	0.444671890931127	7.27136746631648	3.55866418841526e-13	1.56581224290271e-11	3.35404099758138e-11	4
transcript:AT3G08895.1	126	168	132	154	142.902290382443	-0.285414526478286	0.313445582668637	-0.910571219566413	0.362521340543949	0.677822825034439	1	106
transcript:AT3G08975.1	40	36	41	47	40.4936121805245	-0.0567106611098875	0.557917876243922	-0.101646969069501	0.919036896569228	0.995480276045138	1	225
transcript:AT3G59765.3	0	3	0	7	2.31563035207687	1.07883357909459	2.6422483406231	0.408301355519134	0.683052444245814	1	1	173
transcript:AT3G59765.2	0	0	0	0	0	NA	NA	NA	1	1	1	312
transcript:AT3G59765.1	0	0	0	0	0	NA	NA	NA	1	1	1	312
transcript:AT3G60176.1	0	0	1	0	0.224551780923405	1.18321089284256	4.99726510796943	0.236771687568792	0.812833917117249	1	1	202
transcript:AT3G60238.1	0	0	0	0	0	NA	NA	NA	1	1	1	312
transcript:AT3G60972.1	6	9	7	6	6.9087972628363	-0.4461639716629	1.28974160109538	-0.345932837464475	0.729393189721671	0.930240589789958	1	182
transcript:AT3G61118.1	0	6	18	2	5.9622467283693	1.5815262954387	1.70000716484388	0.930305664672856	0.352212845709917	0.677822825034439	1	101
transcript:AT3G61198.1	18	23	142	107	67.0243467985742	2.35264657785534	0.477159719104367	4.93052217876075	8.20101047129234e-07	1.6037531588305e-05	3.43531216408579e-05	9
transcript:AT4G03605.1	0	0	0	0	0	NA	NA	NA	1	1	1	312
transcript:AT4G03675.1	27	22	23	24	23.975315843354	-0.334337953921244	0.716232121091539	-0.466801116671104	0.640642176853693	0.869645625901589	1	156
transcript:AT4G03685.1	4	3	0	5	3.04962353377526	-0.761774929915042	2.11294236457242	-0.360528021344869	0.718452305548106	1	1	177
transcript:AT4G00975.1	32	25	34	28	29.5655511780277	-0.155613591481296	0.653503724601792	-0.238121965679871	0.81178649852101	0.965367727970931	1	199
transcript:AT4G00975.2	0	0	0	0	0	NA	NA	NA	1	1	1	312
transcript:AT4G00975.3	0	0	0	0	0	NA	NA	NA	1	1	1	312
transcript:AT4G01533.1	12	9	8	2	8.00842664694014	-1.35252472268581	1.2795032127107	-1.05707020447445	0.290479548266858	0.611770964300292	1	91
transcript:AT4G03955.1	30	46	12	9	24.8798881850688	-2.09339675161966	0.735678580870366	-2.84553173906871	0.00443373406771645	0.0289013776265961	0.0619080645751519	27
transcript:AT4G02005.6	0	0	0	0	0	NA	NA	NA	1	1	1	312
transcript:AT4G02005.5	0	0	0	0	0	NA	NA	NA	1	1	1	312
transcript:AT4G02005.3	0	0	0	0	0	NA	NA	NA	1	1	1	312
transcript:AT4G02005.1	0	0	0	0	0	NA	NA	NA	1	1	1	312
transcript:AT4G02005.4	0	0	0	0	0	NA	NA	NA	1	1	1	312
transcript:AT4G02005.2	0	0	0	0	0	NA	NA	NA	1	1	1	312
transcript:AT4G04325.1	10	11	13	13	11.5128074320507	0.0512231930525903	1.00674171484632	0.0508801734319805	0.959421004352778	0.995480276045138	1	235
transcript:AT4G03038.1	0	0	2	0	0.449103561846809	2.18050413351932	4.89256248343658	0.445677319584832	0.655830349993681	1	1	168
transcript:AT4G03811.1	0	0	0	2	0.451824338734288	2.18842559959912	4.89197852413442	0.447349796979401	0.654622517564707	1	1	162.5
transcript:AT4G03935.1	0	0	0	0	0	NA	NA	NA	1	1	1	312
transcript:AT4G03935.3	0	0	0	0	0	NA	NA	NA	1	1	1	312
transcript:AT4G03935.2	0	0	0	0	0	NA	NA	NA	1	1	1	312
transcript:AT4G04223.1	0	0	0	5	1.12956084683572	3.51048768881554	3.87885653190051	0.905031588547958	0.365448652624169	1	1	107
transcript:AT4G04223.2	0	0	0	0	0	NA	NA	NA	1	1	1	312
transcript:AT4G04315.1	0	0	0	0	0	NA	NA	NA	1	1	1	312
transcript:AT4G06701.5	0	0	0	0	0	NA	NA	NA	1	1	1	312
transcript:AT4G06701.3	0	0	0	0	0	NA	NA	NA	1	1	1	312
transcript:AT4G06701.2	0	0	0	0	0	NA	NA	NA	1	1	1	312
transcript:AT4G06701.4	0	0	0	0	0	NA	NA	NA	1	1	1	312
transcript:AT4G06701.1	0	0	0	0	0	NA	NA	NA	1	1	1	312
transcript:AT4G08035.1	3	2	8	6	4.53074718158585	1.20425256692072	1.62024368100092	0.743253981510229	0.457327926841553	0.789114854157973	1	121
transcript:AT4G08035.2	0	0	0	0	0	NA	NA	NA	1	1	1	312
transcript:AT4G05365.1	0	0	0	0	0	NA	NA	NA	1	1	1	312
transcript:AT4G05690.1	192	224	166	194	192.845436570459	-0.46207149413858	0.276387556472535	-1.67182452074139	0.0945589300498983	0.30819206831078	0.625416081207222	57
transcript:AT4G10507.1	0	2	2	0	0.938600339518053	-0.14492584892862	3.80349671200598	-0.038103319104011	0.969605304971281	1	1	238.5
transcript:AT4G05905.1	0	0	2	0	0.449103561846809	2.18050413351932	4.89256248343658	0.445677319584832	0.655830349993681	1	1	168
transcript:AT4G05940.1	12	13	0	0	6.7391816161611	-6.34506080797741	1.95606614799197	-3.24378642025527	0.00117952154698498	0.00902590401171112	0.0193338966614494	23
transcript:AT4G12917.1	181	236	133	153	175.848811340771	-0.790881296257876	0.287575159074297	-2.75017250726287	0.00595638980303936	0.0365179754050966	0.0782231632256898	28
transcript:AT4G13495.2	68	79	52	62	65.1772676741495	-0.620452428178557	0.443680790215283	-1.39842076073995	0.161986752427934	0.419259829813476	0.84818063424071	72
transcript:AT4G13495.1	0	0	0	0	0	NA	NA	NA	1	1	1	312
transcript:AT4G14548.1	9	39	23	27	23.477596119714	-0.127891636994297	0.793760132897045	-0.161121265346901	0.87199789173699	0.983792493241733	1	215
transcript:AT4G15242.1	0	0	0	0	0	NA	NA	NA	1	1	1	312
transcript:AT4G16355.1	1	2	0	0	0.785951157779412	-3.24882184187175	4.08721243550313	-0.794874720396526	0.426686380676373	1	1	115
transcript:AT4G16748.1	0	0	0	0	0	NA	NA	NA	1	1	1	312
transcript:AT4G16892.1	7	42	10	9	16.6333403253916	-1.53918881670045	0.969187854436952	-1.58812227129552	0.112258693100456	0.350704344638713	0.704273106865029	58
transcript:AT4G06785.1	21	36	37	48	34.1886840041428	0.34438323973637	0.610462787624692	0.564134697016281	0.572662466228851	0.8375439598366	1	143
transcript:AT4G23205.1	5	4	3	4	4.03856947612212	-0.637322082719302	1.67320853420286	-0.380898178374958	0.703278804231085	0.923709474213962	1	174
transcript:AT4G26255.1	13	19	47	59	32.3868780253445	1.4859169929772	0.637202782004032	2.33193739095727	0.0197039850826526	0.0990828964156247	0.212240067890287	35
transcript:AT4G07975.1	93	133	91	76	97.7253300011301	-0.678524597759703	0.372820738302319	-1.81997546823559	0.0687627408328829	0.271764162795411	0.569476163762864	45
transcript:AT4G07975.2	299	445	273	270	319.851814605412	-0.69334822014078	0.232085099677752	-2.98747408215128	0.00281293144493969	0.0190413820888225	0.0407875059516255	26
transcript:AT4G08055.1	102	74	142	93	101.245912187137	0.134570242091995	0.406494026548393	0.331050970747719	0.740605985037526	0.931047524047175	1	187
transcript:AT4G30872.1	0	0	0	0	0	NA	NA	NA	1	1	1	312
transcript:AT4G30975.3	0	0	0	0	0	NA	NA	NA	1	1	1	312
transcript:AT4G30975.1	0	0	0	0	0	NA	NA	NA	1	1	1	312
transcript:AT4G30975.2	0	0	0	0	0	NA	NA	NA	1	1	1	312
transcript:AT4G31408.1	0	0	0	0	0	NA	NA	NA	1	1	1	312
transcript:AT4G31408.3	0	0	0	0	0	NA	NA	NA	1	1	1	312
transcript:AT4G31408.2	0	0	0	0	0	NA	NA	NA	1	1	1	312
transcript:AT4G09195.1	0	0	0	0	0	NA	NA	NA	1	1	1	312
transcript:AT4G36648.1	1453	1970	3444	2703	2296.89946760294	0.599940272848397	0.157425324967323	3.81095146522916	0.000138432947085318	0.00162427991246773	0.00347928140341099	15
transcript:AT4G09365.1	8	7	10	11	8.81542543498733	0.216205038616789	1.14984795953803	0.188029240582079	0.850853729311119	0.980159736305238	1	209
transcript:AT4G09405.1	0	3	0	3	1.4119816746083	-0.136282809520128	3.19503449112489	-0.0426545659831503	0.965976897673767	1	1	236
transcript:AT4G09535.1	15	17	24	21	18.7409366106998	0.236403470299225	0.797709716178211	0.296352752768041	0.766960703326237	0.950599181587449	1	190
transcript:AT4G39404.1	0	1	2	8	2.50114930561958	3.09379203778675	2.52749183759358	1.22405619348403	0.220931029950201	1	0.992597020872576	83
transcript:AT4G40065.1	123	167	125	215	153.976958718215	-0.0141570529193978	0.340538036339573	-0.041572603963925	0.966839413224049	0.995480276045138	1	237
transcript:AT5G00885.1	0	0	0	0	0	NA	NA	NA	1	1	1	312
transcript:AT5G03285.1	63	68	72	78	69.1083938247592	-0.0625866531596135	0.429516044403813	-0.145714354504467	0.884146889068293	0.98487248402544	1	219
transcript:AT5G00925.1	37	38	63	46	44.807972828819	0.278001932024438	0.534992320603152	0.519637238364502	0.603316438364976	0.856320106066418	1	152
transcript:AT5G06165.1	10	12	31	38	21.4472921116861	1.39749731160993	0.769863979481735	1.81525223787027	0.0694851552601903	0.271764162795411	0.569476163762864	46
transcript:AT5G01265.1	14	25	18	20	18.8292464863691	-0.267113287552461	0.802342684739124	-0.332916710818285	0.739197154889036	0.931047524047175	1	186
transcript:AT5G07322.1	106	124	65	56	89.0199117516643	-1.18050447749769	0.387423099159596	-3.0470678698778	0.00231085526439605	0.0162684210613482	0.0348476973870924	25
transcript:AT5G10278.2	2	0	0	0	0.592908760216337	-2.8273732634097	4.88370604781482	-0.578940099123039	0.562629592039599	1	1	139.5
transcript:AT5G10278.1	7	4	8	3	5.52832497158833	-0.295038616159405	1.47585095832552	-0.199910847701147	0.841550306453553	0.980159736305238	1	207
transcript:AT5G02115.1	41	43	63	76	53.9948973744441	0.467501242154482	0.486845661090569	0.960265808074053	0.336921453806967	0.677822825034439	1	99
transcript:AT5G02135.1	0	0	0	0	0	NA	NA	NA	1	1	1	312
transcript:AT5G02445.1	2	3	4	2	2.67718538915111	0.0219451499792492	2.02829932266083	0.0108194829698313	0.991367470005234	1	1	244
transcript:AT5G02535.1	1	6	6	3	3.78999190676376	0.180968978363216	1.78244565397997	0.101528469021839	0.919130959306481	1	1	226
transcript:AT5G02825.1	0	2	0	0	0.489496777671243	-2.57607084916338	4.90229490748011	-0.525482635741215	0.599247721240707	1	1	150.5
transcript:AT5G02975.1	0	0	0	0	0	NA	NA	NA	1	1	1	312
transcript:AT5G03315.1	10	21	3	6	10.1333883256028	-2.00272204839632	1.14565335509923	-1.74810472948238	0.0804458941957072	0.277617203498911	0.583232732918877	52
transcript:AT5G22788.1	13	10	5	12	10.1350957667852	-0.712675849357833	1.11065312198781	-0.641672755650576	0.521085682325413	0.825513758528785	1	130
transcript:AT5G23155.2	0	0	0	0	0	NA	NA	NA	1	1	1	312
transcript:AT5G23155.1	2	0	0	0	0.592908760216337	-2.8273732634097	4.88370604781482	-0.578940099123039	0.562629592039599	1	1	139.5
transcript:AT5G23410.1	127	152	180	159	151.190816872341	0.0285647623526291	0.303155877133482	0.0942246695750246	0.924930688463725	0.995480276045138	1	228
transcript:AT5G24205.1	19	2	114	93	52.7308647761389	2.93981825287231	1.34944815818582	2.17853367321984	0.0293663280969734	0.139688479596414	0.299219072771864	37
transcript:AT5G24206.1	1	3	32	26	14.0900729397097	3.62927330051076	1.14345212076412	3.17396175546508	0.00150373503061004	0.0110273902244736	0.0236211711058327	24
transcript:AT5G24735.1	697	831	500	524	640.668481267881	-0.829863305860073	0.177665611281597	-4.67092815471618	2.99841806620551e-06	5.27721579652169e-05	0.000113040361095948	10
transcript:AT5G03965.1	202	238	264	267	237.734120709534	0.0180801057438086	0.249685223436227	0.0724115968697945	0.942274356055972	0.995480276045138	1	231
transcript:AT5G04175.1	28	49	227	161	107.638507233697	2.09802742516011	0.394827628234866	5.31378068586448	1.07373836987086e-07	2.36222441371589e-06	5.05999206801642e-06	8
transcript:AT5G28262.1	7	18	14	25	15.2721808269046	0.430159963716616	0.922075344034962	0.466512814272047	0.640848477429035	0.869645625901589	1	157
transcript:AT5G28824.1	0	0	0	2	0.451824338734288	2.18842559959912	4.89197852413442	0.447349796979401	0.654622517564707	1	1	162.5
transcript:AT5G33399.1	0	2	0	4	1.39314545513982	0.856198020978595	3.23625785650833	0.264564215504869	0.791345189946942	1	1	196
transcript:AT5G33439.1	0	0	0	0	0	NA	NA	NA	1	1	1	312
transcript:AT5G34871.1	1	4	8	2	3.52368652157218	0.800929720029391	1.86892065059862	0.428552019997665	0.66824926883942	1	1	171
transcript:AT5G05295.1	0	2	2	0	0.938600339518053	-0.14492584892862	3.80349671200598	-0.038103319104011	0.969605304971281	1	1	238.5
transcript:AT5G37485.1	6	6	0	1	3.47312878302988	-3.84716872829153	2.27504714338243	-1.69102813516723	0.0908314292311509	1	0.618246086626553	55
transcript:AT5G38005.1	11	43	13	12	19.4152980855316	-1.30022498281801	0.862834821252736	-1.50692224142071	0.131830589703735	0.377527869947622	0.759670836101559	65
transcript:AT5G05785.1	0	1	3	0	0.918403731605836	1.35944580355727	3.90266803249349	0.348337545555648	0.727586700084397	1	1	180
transcript:AT5G05865.1	0	0	52	32	18.9058820277656	7.57588183803394	1.64981948511685	4.59194591067481	4.39132193798383e-06	6.44060550904295e-05	0.000137960697551659	12
transcript:AT5G40275.1	0	0	0	2	0.451824338734288	2.18842559959912	4.89197852413442	0.447349796979401	0.654622517564707	1	1	162.5
transcript:AT5G40316.1	0	0	0	2	0.451824338734288	2.18842559959912	4.89197852413442	0.447349796979401	0.654622517564707	1	1	162.5
transcript:AT5G06095.1	0	0	0	0	0	NA	NA	NA	1	1	1	312
transcript:AT5G43403.1	81	76	139	126	102.291313228882	0.489209081328097	0.367188005441742	1.33231225987232	0.182757600160065	0.442358602981206	0.886811706923497	76
transcript:AT5G43725.1	0	0	0	0	0	NA	NA	NA	1	1	1	312
transcript:AT5G43725.2	105	142	120	141	124.681810717592	-0.165288674390874	0.332696921390467	-0.496814559329464	0.619319827233128	0.869645625901589	1	153
transcript:AT5G44569.1	21	12	49	43	29.879783196333	1.18937601213609	0.67831761387101	1.75342050363189	0.0795298540938947	0.277617203498911	0.583232732918877	51
transcript:AT5G45475.1	309	350	422	447	373.009930802682	0.143671534817618	0.212441489926137	0.676287550363021	0.498858095539797	0.812953933472263	1	127
transcript:AT5G06955.1	0	0	6	1	1.57322285490757	3.98896825730595	3.13705259608452	1.27156562892338	0.203527495406358	1	0.947282293434532	81
transcript:AT5G48412.1	756	845	671	537	702.920979877636	-0.66344145243407	0.186058899204464	-3.56576038701056	0.000362802740628607	0.00366884514159573	0.0078588330589863	17
transcript:AT5G49615.1	2	0	0	0	0.592908760216337	-2.8273732634097	4.88370604781482	-0.578940099123039	0.562629592039599	1	1	139.5
transcript:AT5G50190.1	0	0	0	2	0.451824338734288	2.18842559959912	4.89197852413442	0.447349796979401	0.654622517564707	1	1	162.5
transcript:AT5G08125.1	0	0	0	0	0	NA	NA	NA	1	1	1	312
transcript:AT5G08575.1	0	0	0	0	0	NA	NA	NA	1	1	1	312
transcript:AT5G08615.1	38	39	74	87	57.0816441319731	0.80402991206741	0.476943577601562	1.68579670599757	0.0918349624697267	0.30496138480513	0.618246086626553	56
transcript:AT5G57735.1	0	0	4	0	0.898207123693618	3.18038340097385	4.25112288449581	0.748127844662634	0.454383048174039	1	1	119.5
transcript:AT5G08875.1	15	21	27	27	21.7490585250154	0.341321481445925	0.74327398662864	0.459213543842828	0.646080825523137	0.869645625901589	1	158
transcript:AT5G09865.1	19	15	19	12	16.2812889245399	-0.410263595810483	0.871150628233041	-0.470944498591044	0.637680369786697	0.869645625901589	1	155
