WT_AGO1.1	WT_AGO1.2	ago1.1	ago1.2	baseMean	log2FC	lfcSE	stat	p.value	q.value	q.value_BH	ranking
transcript:AT1G01270.1	0	0	0	0	0	NA	NA	NA	1	1	1	435.5
transcript:AT1G01870.1	0	0	0	0	0	NA	NA	NA	1	1	1	435.5
transcript:AT1G01890.1	0	0	0	0	0	NA	NA	NA	1	1	1	435.5
transcript:AT1G02480.1	0	0	0	0	0	NA	NA	NA	1	1	1	435.5
transcript:AT1G02600.1	0	0	0	0	0	NA	NA	NA	1	1	1	435.5
transcript:AT1G02760.1	0	0	0	0	0	NA	NA	NA	1	1	1	435.5
transcript:AT1G03515.1	0	0	0	0	0	NA	NA	NA	1	1	1	435.5
transcript:AT1G03570.1	0	0	0	0	0	NA	NA	NA	1	1	1	435.5
transcript:AT1G03640.1	0	0	0	0	0	NA	NA	NA	1	1	1	435.5
transcript:AT1G04320.1	0	0	0	0	0	NA	NA	NA	1	1	1	435.5
transcript:AT1G04720.1	0	0	0	0	0	NA	NA	NA	1	1	1	435.5
transcript:AT1G05390.1	0	0	0	0	0	NA	NA	NA	1	1	1	435.5
transcript:AT1G05980.1	0	0	0	0	0	NA	NA	NA	1	1	1	435.5
transcript:AT1G06480.1	0	0	0	0	0	NA	NA	NA	1	1	1	435.5
transcript:AT1G06610.1	0	0	0	0	0	NA	NA	NA	1	1	1	435.5
transcript:AT1G06860.1	0	2	0	0	0.560930168961383	-2.82913783717569	4.88414841331497	-0.579248949410099	0.562421206470298	0.94345310662791	1	48.5
transcript:AT1G06880.1	0	0	0	0	0	NA	NA	NA	1	1	1	435.5
transcript:AT1G07100.1	0	0	0	0	0	NA	NA	NA	1	1	1	435.5
transcript:AT1G07580.1	0	0	0	0	0	NA	NA	NA	1	1	1	435.5
transcript:AT1G07760.1	0	0	0	0	0	NA	NA	NA	1	1	1	435.5
transcript:AT1G08240.1	0	0	0	0	0	NA	NA	NA	1	1	1	435.5
transcript:AT1G08870.1	0	0	0	0	0	NA	NA	NA	1	1	1	435.5
transcript:AT1G08950.1	0	0	0	0	0	NA	NA	NA	1	1	1	435.5
transcript:AT1G09110.1	0	0	0	0	0	NA	NA	NA	1	1	1	435.5
transcript:AT1G10440.1	0	0	0	0	0	NA	NA	NA	1	1	1	435.5
transcript:AT1G11010.1	0	2	0	0	0.560930168961383	-2.82913783717569	4.88414841331497	-0.579248949410099	0.562421206470298	0.94345310662791	1	48.5
transcript:AT1G11030.1	0	0	0	0	0	NA	NA	NA	1	1	1	435.5
transcript:AT1G11550.1	0	0	0	0	0	NA	NA	NA	1	1	1	435.5
transcript:AT1G11640.1	0	1	0	1	0.497540549366931	-0.340900940399537	4.88193104616523	-0.0698291182681319	0.944329670713662	0.967657138543568	1	175.5
transcript:AT1G12510.1	0	0	0	0	0	NA	NA	NA	1	1	1	435.5
transcript:AT1G12590.1	0	0	0	0	0	NA	NA	NA	1	1	1	435.5
transcript:AT1G13010.1	0	0	0	0	0	NA	NA	NA	1	1	1	435.5
transcript:AT1G13240.1	0	0	0	0	0	NA	NA	NA	1	1	1	435.5
transcript:AT1G13720.1	0	0	0	0	0	NA	NA	NA	1	1	1	435.5
transcript:AT1G13840.1	0	0	0	0	0	NA	NA	NA	1	1	1	435.5
transcript:AT1G13850.1	0	0	0	0	0	NA	NA	NA	1	1	1	435.5
transcript:AT1G15090.1	0	0	0	2	0.434150929772479	2.20103520727976	4.89042674825447	0.45007017190583	0.652659843646626	0.94345310662791	1	74.5
transcript:AT1G15450.1	0	0	0	0	0	NA	NA	NA	1	1	1	435.5
transcript:AT1G15650.1	0	0	0	0	0	NA	NA	NA	1	1	1	435.5
transcript:AT1G16100.1	0	0	0	0	0	NA	NA	NA	1	1	1	435.5
transcript:AT1G16450.1	0	0	0	0	0	NA	NA	NA	1	1	1	435.5
transcript:AT1G17570.1	0	0	0	0	0	NA	NA	NA	1	1	1	435.5
transcript:AT1G17660.1	0	0	0	0	0	NA	NA	NA	1	1	1	435.5
transcript:AT1G17670.1	0	0	0	0	0	NA	NA	NA	1	1	1	435.5
transcript:AT1G18430.1	0	0	0	0	0	NA	NA	NA	1	1	1	435.5
transcript:AT1G18820.1	0	0	0	0	0	NA	NA	NA	1	1	1	435.5
transcript:AT1G20040.1	0	0	0	0	0	NA	NA	NA	1	1	1	435.5
transcript:AT1G20170.1	0	0	0	0	0	NA	NA	NA	1	1	1	435.5
transcript:AT1G20210.1	0	0	0	0	0	NA	NA	NA	1	1	1	435.5
transcript:AT1G20250.1	0	0	0	0	0	NA	NA	NA	1	1	1	435.5
transcript:AT1G20420.1	0	0	0	0	0	NA	NA	NA	1	1	1	435.5
transcript:AT1G20820.1	0	0	0	0	0	NA	NA	NA	1	1	1	435.5
transcript:AT1G21420.1	0	0	0	0	0	NA	NA	NA	1	1	1	435.5
transcript:AT1G21800.1	0	0	0	0	0	NA	NA	NA	1	1	1	435.5
transcript:AT1G22320.1	0	0	0	0	0	NA	NA	NA	1	1	1	435.5
transcript:AT1G24080.1	0	0	0	0	0	NA	NA	NA	1	1	1	435.5
transcript:AT1G26430.1	0	0	0	0	0	NA	NA	NA	1	1	1	435.5
transcript:AT1G26490.1	0	0	0	0	0	NA	NA	NA	1	1	1	435.5
transcript:AT1G28720.1	8	9	17	7	9.46607209712393	0.210829212082264	1.11631528315337	0.188861708931112	0.850201205276633	0.960907910441585	1	160
transcript:AT1G28730.1	0	0	2	2	0.851807427082768	3.17584168346532	3.78887066735553	0.838202715872041	0.401916862006943	0.94345310662791	1	19.5
transcript:AT1G28740.1	0	0	0	2	0.434150929772479	2.20103520727976	4.89042674825447	0.45007017190583	0.652659843646626	0.94345310662791	1	74.5
transcript:AT1G28750.1	0	0	2	0	0.417656497310289	2.15023716656625	4.89417202453193	0.439346462647457	0.66041051269424	0.94345310662791	1	87
transcript:AT1G28770.1	0	0	0	0	0	NA	NA	NA	1	1	1	435.5
transcript:AT1G28780.1	0	0	0	0	0	NA	NA	NA	1	1	1	435.5
transcript:AT1G28790.1	0	0	0	2	0.434150929772479	2.20103520727976	4.89042674825447	0.45007017190583	0.652659843646626	0.94345310662791	1	74.5
transcript:AT1G28800.1	2	0	0	0	0.468069463864143	-2.59183500530781	4.90169516123114	-0.528762993220662	0.596969872422295	0.94345310662791	1	59.5
transcript:AT1G28810.1	1	0	0	0	0.234034731932072	-1.67258454007358	4.99091833321758	-0.335125607834838	0.737530336417218	0.94345310662791	1	119.5
transcript:AT1G28820.1	3	3	1	1	1.96940316277967	-1.85607505190349	2.34542139618579	-0.791361012959932	0.42873335386986	0.94345310662791	1	25
transcript:AT1G28830.1	2	1	0	1	0.965610013231074	-1.80370152091507	3.42578317172311	-0.526507788292929	0.598535442128881	0.94345310662791	1	63
transcript:AT1G28840.1	1	1	0	1	0.731575281299003	-1.25478896377816	3.82629208946274	-0.327938624245057	0.742958069219223	0.94345310662791	1	130
transcript:AT1G28850.1	0	1	0	0	0.280465084480691	-1.8045702068265	4.98221913843754	-0.362202094425021	0.717201014545506	0.94345310662791	1	100.5
transcript:AT1G28860.1	0	0	0	0	0	NA	NA	NA	1	1	1	435.5
transcript:AT1G28870.1	0	0	0	0	0	NA	NA	NA	1	1	1	435.5
transcript:AT1G28880.1	0	0	0	0	0	NA	NA	NA	1	1	1	435.5
transcript:AT1G28890.1	3	0	0	1	0.919179660682454	-1.72017394889439	3.77988248336263	-0.455086621466628	0.649046922468689	0.94345310662791	1	68
transcript:AT1G28900.1	0	1	1	0	0.489293333135836	-0.369189810637245	4.91386962660903	-0.0751321949280156	0.94010953235914	0.967657138543568	1	171
transcript:AT1G28910.1	0	0	1	0	0.208828248655144	1.16746588870321	4.99606740169319	0.233676969271381	0.815235768648862	0.94345310662791	1	151.5
transcript:AT1G28920.1	0	1	2	3	1.3493479764497	2.00145469509794	2.99482982499412	0.668303313395066	0.503939998738215	0.94345310662791	1	35
transcript:AT1G28930.1	0	0	0	1	0.21707546488624	1.19564179470992	4.9940725764353	0.239412178419591	0.810785987546617	0.94345310662791	1	140
transcript:AT1G28940.1	0	1	0	1	0.497540549366931	-0.340900940399537	4.88193104616523	-0.0698291182681319	0.944329670713662	0.967657138543568	1	175.5
transcript:AT1G28950.1	2	0	1	0	0.676897712519288	-1.16120249047387	4.2668415912994	-0.272145676287045	0.785510009834811	0.94345310662791	1	133
transcript:AT1G28970.1	0	2	1	0	0.769758417616527	-1.38881822423825	4.06384461696121	-0.341749834243603	0.732539165277915	0.94345310662791	1	107.5
transcript:AT1G28980.1	0	3	0	0	0.841395253442074	-3.41492855087209	4.21997238862785	-0.809230069863673	0.418382821659812	0.94345310662791	1	22
transcript:AT1G28990.1	0	0	1	0	0.208828248655144	1.16746588870321	4.99606740169319	0.233676969271381	0.815235768648862	0.94345310662791	1	151.5
transcript:AT1G29210.1	2	0	0	1	0.685144928750383	-1.13554977833032	4.24698005527417	-0.267378175444956	0.789178001404418	0.94345310662791	1	134
transcript:AT1G30430.1	0	0	0	0	0	NA	NA	NA	1	1	1	435.5
transcript:AT1G30830.1	0	0	0	0	0	NA	NA	NA	1	1	1	435.5
transcript:AT1G31110.1	0	0	0	0	0	NA	NA	NA	1	1	1	435.5
transcript:AT1G32620.1	0	0	0	0	0	NA	NA	NA	1	1	1	435.5
transcript:AT1G33370.1	0	0	4	0	0.835312994620578	3.14947694430596	4.2233139994091	0.745735918462755	0.455826957011951	0.94345310662791	1	29
transcript:AT1G36350.1	0	0	0	0	0	NA	NA	NA	1	1	1	435.5
transcript:AT1G42120.1	0	0	0	0	0	NA	NA	NA	1	1	1	435.5
transcript:AT1G43820.1	0	0	0	0	0	NA	NA	NA	1	1	1	435.5
transcript:AT1G45234.1	0	2	2	1	1.19566213115791	0.206187922158422	3.05969154135851	0.0673884668997954	0.946272450398959	0.967657138543568	1	177
transcript:AT1G45238.1	0	0	1	1	0.425903713541384	2.17581911283941	4.89226977642977	0.444746347252187	0.656503071469304	0.94345310662791	1	82
transcript:AT1G45240.1	1	0	4	0	1.06934772655265	1.74096353101205	3.56528771347031	0.488309407522533	0.625330698969179	0.94345310662791	1	67
transcript:AT1G45242.1	0	0	0	0	0	NA	NA	NA	1	1	1	435.5
transcript:AT1G45244.1	0	0	0	0	0	NA	NA	NA	1	1	1	435.5
transcript:AT1G45246.1	0	0	0	0	0	NA	NA	NA	1	1	1	435.5
transcript:AT1G48080.1	0	0	0	0	0	NA	NA	NA	1	1	1	435.5
transcript:AT1G49020.1	0	0	0	0	0	NA	NA	NA	1	1	1	435.5
transcript:AT1G49280.1	0	0	0	0	0	NA	NA	NA	1	1	1	435.5
transcript:AT1G49460.1	0	0	0	0	0	NA	NA	NA	1	1	1	435.5
transcript:AT1G49690.1	0	0	0	0	0	NA	NA	NA	1	1	1	435.5
transcript:AT1G50070.1	0	0	0	0	0	NA	NA	NA	1	1	1	435.5
transcript:AT1G50100.1	0	0	0	0	0	NA	NA	NA	1	1	1	435.5
transcript:AT1G52170.1	0	0	0	0	0	NA	NA	NA	1	1	1	435.5
transcript:AT1G52350.1	0	0	0	0	0	NA	NA	NA	1	1	1	435.5
transcript:AT1G52860.1	0	0	0	2	0.434150929772479	2.20103520727976	4.89042674825447	0.45007017190583	0.652659843646626	0.94345310662791	1	74.5
transcript:AT1G53220.1	0	0	0	0	0	NA	NA	NA	1	1	1	435.5
transcript:AT1G53410.1	14	8	11	15	11.0734496313947	0.00339771756062449	1.01884711793897	0.00333486496727571	0.997339167662246	0.997339167662246	1	181
transcript:AT1G54670.1	0	0	0	0	0	NA	NA	NA	1	1	1	435.5
transcript:AT1G55625.1	0	0	0	0	0	NA	NA	NA	1	1	1	435.5
transcript:AT1G56730.1	0	0	0	0	0	NA	NA	NA	1	1	1	435.5
transcript:AT1G56740.1	0	0	0	0	0	NA	NA	NA	1	1	1	435.5
transcript:AT1G56750.1	0	0	0	0	0	NA	NA	NA	1	1	1	435.5
transcript:AT1G56760.1	0	0	0	0	0	NA	NA	NA	1	1	1	435.5
transcript:AT1G56770.1	0	0	0	0	0	NA	NA	NA	1	1	1	435.5
transcript:AT1G56780.1	0	0	0	0	0	NA	NA	NA	1	1	1	435.5
transcript:AT1G56790.1	0	0	0	0	0	NA	NA	NA	1	1	1	435.5
transcript:AT1G56800.1	0	0	0	0	0	NA	NA	NA	1	1	1	435.5
transcript:AT1G56810.1	0	0	0	0	0	NA	NA	NA	1	1	1	435.5
transcript:AT1G56820.1	0	0	0	0	0	NA	NA	NA	1	1	1	435.5
transcript:AT1G56830.1	1	0	0	0	0.234034731932072	-1.67258454007358	4.99091833321758	-0.335125607834838	0.737530336417218	0.94345310662791	1	119.5
transcript:AT1G56840.1	0	0	0	0	0	NA	NA	NA	1	1	1	435.5
transcript:AT1G56850.1	0	0	0	0	0	NA	NA	NA	1	1	1	435.5
transcript:AT1G56860.1	0	0	0	0	0	NA	NA	NA	1	1	1	435.5
transcript:AT1G56870.1	0	0	0	0	0	NA	NA	NA	1	1	1	435.5
transcript:AT1G56880.1	0	0	0	0	0	NA	NA	NA	1	1	1	435.5
transcript:AT1G56890.1	0	0	0	0	0	NA	NA	NA	1	1	1	435.5
transcript:AT1G56900.1	0	0	0	0	0	NA	NA	NA	1	1	1	435.5
transcript:AT1G56910.1	0	0	0	0	0	NA	NA	NA	1	1	1	435.5
transcript:AT1G56920.1	0	0	0	0	0	NA	NA	NA	1	1	1	435.5
transcript:AT1G56930.1	0	0	0	0	0	NA	NA	NA	1	1	1	435.5
transcript:AT1G56940.1	0	0	0	0	0	NA	NA	NA	1	1	1	435.5
transcript:AT1G56950.1	0	0	0	0	0	NA	NA	NA	1	1	1	435.5
transcript:AT1G56960.1	0	0	0	0	0	NA	NA	NA	1	1	1	435.5
transcript:AT1G56970.1	0	0	0	0	0	NA	NA	NA	1	1	1	435.5
transcript:AT1G56980.1	0	0	0	0	0	NA	NA	NA	1	1	1	435.5
transcript:AT1G56990.1	0	0	0	0	0	NA	NA	NA	1	1	1	435.5
transcript:AT1G57000.1	0	0	0	0	0	NA	NA	NA	1	1	1	435.5
transcript:AT1G57010.1	0	0	0	0	0	NA	NA	NA	1	1	1	435.5
transcript:AT1G57020.1	0	0	0	0	0	NA	NA	NA	1	1	1	435.5
transcript:AT1G57030.1	0	0	0	0	0	NA	NA	NA	1	1	1	435.5
transcript:AT1G57040.1	0	0	0	0	0	NA	NA	NA	1	1	1	435.5
transcript:AT1G57050.1	0	0	0	0	0	NA	NA	NA	1	1	1	435.5
transcript:AT1G57060.1	0	0	0	0	0	NA	NA	NA	1	1	1	435.5
transcript:AT1G57070.1	0	0	0	0	0	NA	NA	NA	1	1	1	435.5
transcript:AT1G57080.1	0	0	0	0	0	NA	NA	NA	1	1	1	435.5
transcript:AT1G57090.1	0	0	0	0	0	NA	NA	NA	1	1	1	435.5
transcript:AT1G57100.1	0	0	0	0	0	NA	NA	NA	1	1	1	435.5
transcript:AT1G57110.1	0	0	0	0	0	NA	NA	NA	1	1	1	435.5
transcript:AT1G57120.1	0	0	0	0	0	NA	NA	NA	1	1	1	435.5
transcript:AT1G57130.1	0	0	0	0	0	NA	NA	NA	1	1	1	435.5
transcript:AT1G57140.1	0	0	0	0	0	NA	NA	NA	1	1	1	435.5
transcript:AT1G57150.1	0	0	0	0	0	NA	NA	NA	1	1	1	435.5
transcript:AT1G57160.1	0	0	0	0	0	NA	NA	NA	1	1	1	435.5
transcript:AT1G57170.1	0	0	0	0	0	NA	NA	NA	1	1	1	435.5
transcript:AT1G57180.1	0	0	0	0	0	NA	NA	NA	1	1	1	435.5
transcript:AT1G57190.1	0	0	0	0	0	NA	NA	NA	1	1	1	435.5
transcript:AT1G57200.1	0	0	0	0	0	NA	NA	NA	1	1	1	435.5
transcript:AT1G57210.1	0	0	0	0	0	NA	NA	NA	1	1	1	435.5
transcript:AT1G57220.1	0	0	0	0	0	NA	NA	NA	1	1	1	435.5
transcript:AT1G57230.1	0	0	0	0	0	NA	NA	NA	1	1	1	435.5
transcript:AT1G57240.1	0	0	0	0	0	NA	NA	NA	1	1	1	435.5
transcript:AT1G57250.1	0	0	0	0	0	NA	NA	NA	1	1	1	435.5
transcript:AT1G57260.1	0	0	0	0	0	NA	NA	NA	1	1	1	435.5
transcript:AT1G57270.1	0	0	0	0	0	NA	NA	NA	1	1	1	435.5
transcript:AT1G57280.1	0	0	0	0	0	NA	NA	NA	1	1	1	435.5
transcript:AT1G57290.1	0	0	0	0	0	NA	NA	NA	1	1	1	435.5
transcript:AT1G57300.1	0	0	0	0	0	NA	NA	NA	1	1	1	435.5
transcript:AT1G57310.1	0	0	0	0	0	NA	NA	NA	1	1	1	435.5
transcript:AT1G57320.1	0	0	0	0	0	NA	NA	NA	1	1	1	435.5
transcript:AT1G57330.1	0	0	0	0	0	NA	NA	NA	1	1	1	435.5
transcript:AT1G57340.1	0	0	0	0	0	NA	NA	NA	1	1	1	435.5
transcript:AT1G57350.1	0	0	0	0	0	NA	NA	NA	1	1	1	435.5
transcript:AT1G57360.1	0	0	0	0	0	NA	NA	NA	1	1	1	435.5
transcript:AT1G57370.1	0	0	0	0	0	NA	NA	NA	1	1	1	435.5
transcript:AT1G57380.1	0	0	0	0	0	NA	NA	NA	1	1	1	435.5
transcript:AT1G57390.1	0	0	0	0	0	NA	NA	NA	1	1	1	435.5
transcript:AT1G57400.1	0	0	0	0	0	NA	NA	NA	1	1	1	435.5
transcript:AT1G57410.1	0	0	0	0	0	NA	NA	NA	1	1	1	435.5
transcript:AT1G57420.1	0	0	0	0	0	NA	NA	NA	1	1	1	435.5
transcript:AT1G57430.1	0	0	0	0	0	NA	NA	NA	1	1	1	435.5
transcript:AT1G57440.1	0	0	0	0	0	NA	NA	NA	1	1	1	435.5
transcript:AT1G57450.1	0	0	0	0	0	NA	NA	NA	1	1	1	435.5
transcript:AT1G57460.1	0	0	0	0	0	NA	NA	NA	1	1	1	435.5
transcript:AT1G57470.1	0	0	0	0	0	NA	NA	NA	1	1	1	435.5
transcript:AT1G57480.1	0	0	0	0	0	NA	NA	NA	1	1	1	435.5
transcript:AT1G57490.1	0	0	0	0	0	NA	NA	NA	1	1	1	435.5
transcript:AT1G57500.1	0	0	0	0	0	NA	NA	NA	1	1	1	435.5
transcript:AT1G57510.1	0	0	0	0	0	NA	NA	NA	1	1	1	435.5
transcript:AT1G57520.1	0	0	0	0	0	NA	NA	NA	1	1	1	435.5
transcript:AT1G57530.1	0	0	0	0	0	NA	NA	NA	1	1	1	435.5
transcript:AT1G59570.1	0	0	0	0	0	NA	NA	NA	1	1	1	435.5
transcript:AT1G59880.1	0	0	0	0	0	NA	NA	NA	1	1	1	435.5
transcript:AT1G60580.1	0	0	0	2	0.434150929772479	2.20103520727976	4.89042674825447	0.45007017190583	0.652659843646626	0.94345310662791	1	74.5
transcript:AT1G60820.1	0	0	0	2	0.434150929772479	2.20103520727976	4.89042674825447	0.45007017190583	0.652659843646626	0.94345310662791	1	74.5
transcript:AT1G60840.1	0	0	0	0	0	NA	NA	NA	1	1	1	435.5
transcript:AT1G60910.1	0	0	0	0	0	NA	NA	NA	1	1	1	435.5
transcript:AT1G61020.1	0	0	0	0	0	NA	NA	NA	1	1	1	435.5
transcript:AT1G61880.1	0	0	0	0	0	NA	NA	NA	1	1	1	435.5
transcript:AT1G61910.1	0	0	0	0	0	NA	NA	NA	1	1	1	435.5
transcript:AT1G63510.1	1	0	0	0	0.234034731932072	-1.67258454007358	4.99091833321758	-0.335125607834838	0.737530336417218	0.94345310662791	1	119.5
transcript:AT1G63790.1	0	0	0	0	0	NA	NA	NA	1	1	1	435.5
transcript:AT1G64120.1	0	0	0	0	0	NA	NA	NA	1	1	1	435.5
transcript:AT1G64420.1	0	0	0	0	0	NA	NA	NA	1	1	1	435.5
transcript:AT1G65830.1	0	0	0	0	0	NA	NA	NA	1	1	1	435.5
transcript:AT1G68770.1	14	11	29	26	18.061583474378	0.878242137647763	0.81695152944643	1.07502355524429	0.282364182484983	0.94345310662791	1	11
transcript:AT1G68860.1	0	0	0	0	0	NA	NA	NA	1	1	1	435.5
transcript:AT1G68950.1	0	0	0	0	0	NA	NA	NA	1	1	1	435.5
transcript:AT1G68970.1	0	0	0	0	0	NA	NA	NA	1	1	1	435.5
transcript:AT1G69000.1	0	0	0	1	0.21707546488624	1.19564179470992	4.9940725764353	0.239412178419591	0.810785987546617	0.94345310662791	1	140
transcript:AT1G69130.1	0	0	0	0	0	NA	NA	NA	1	1	1	435.5
transcript:AT1G69300.1	0	0	0	0	0	NA	NA	NA	1	1	1	435.5
transcript:AT1G70050.1	0	0	0	1	0.21707546488624	1.19564179470992	4.9940725764353	0.239412178419591	0.810785987546617	0.94345310662791	1	140
transcript:AT1G71700.1	3	3	0	2	1.97765037901077	-1.8368499640244	2.48057370644539	-0.74049400719343	0.459000296147571	0.94345310662791	1	30
transcript:AT1G72780.1	0	0	0	0	0	NA	NA	NA	1	1	1	435.5
transcript:AT1G73900.1	0	0	0	0	0	NA	NA	NA	1	1	1	435.5
transcript:AT1G74570.1	0	0	0	3	0.651226394658719	2.78663565483545	4.68077294706141	0.595336643403072	0.55161846653061	0.94345310662791	1	45
transcript:AT1G74610.1	0	0	0	0	0	NA	NA	NA	1	1	1	435.5
transcript:AT1G75070.1	0	0	0	0	0	NA	NA	NA	1	1	1	435.5
transcript:AT1G75570.1	0	0	0	0	0	NA	NA	NA	1	1	1	435.5
transcript:AT1G75650.1	0	0	0	0	0	NA	NA	NA	1	1	1	435.5
transcript:AT1G75740.1	0	0	0	0	0	NA	NA	NA	1	1	1	435.5
transcript:AT1G75970.1	0	0	0	0	0	NA	NA	NA	1	1	1	435.5
transcript:AT1G76000.1	0	0	0	0	0	NA	NA	NA	1	1	1	435.5
transcript:AT1G76330.1	0	0	0	0	0	NA	NA	NA	1	1	1	435.5
transcript:AT1G77040.1	0	0	0	0	0	NA	NA	NA	1	1	1	435.5
transcript:AT1G77190.1	0	0	0	0	0	NA	NA	NA	1	1	1	435.5
transcript:AT1G77560.1	0	0	0	0	0	NA	NA	NA	1	1	1	435.5
transcript:AT1G78250.1	1	0	0	0	0.234034731932072	-1.67258454007358	4.99091833321758	-0.335125607834838	0.737530336417218	0.94345310662791	1	119.5
transcript:AT1G79240.1	0	0	0	0	0	NA	NA	NA	1	1	1	435.5
transcript:AT1G79290.1	0	0	0	0	0	NA	NA	NA	1	1	1	435.5
transcript:AT1G79300.1	0	0	0	0	0	NA	NA	NA	1	1	1	435.5
transcript:AT1G79980.1	0	0	0	0	0	NA	NA	NA	1	1	1	435.5
transcript:AT1G80250.1	0	0	0	0	0	NA	NA	NA	1	1	1	435.5
transcript:AT1G80430.1	1	0	0	0	0.234034731932072	-1.67258454007358	4.99091833321758	-0.335125607834838	0.737530336417218	0.94345310662791	1	119.5
transcript:AT2G01160.1	0	0	0	0	0	NA	NA	NA	1	1	1	435.5
transcript:AT2G02600.1	0	0	0	0	0	NA	NA	NA	1	1	1	435.5
transcript:AT2G02900.1	0	0	0	0	0	NA	NA	NA	1	1	1	435.5
transcript:AT2G03490.1	0	0	0	0	0	NA	NA	NA	1	1	1	435.5
transcript:AT2G03660.1	0	0	0	0	0	NA	NA	NA	1	1	1	435.5
transcript:AT2G03700.1	0	0	0	0	0	NA	NA	NA	1	1	1	435.5
transcript:AT2G03790.1	0	0	0	0	0	NA	NA	NA	1	1	1	435.5
transcript:AT2G07743.1	0	0	0	0	0	NA	NA	NA	1	1	1	435.5
transcript:AT2G07745.1	0	0	0	0	0	NA	NA	NA	1	1	1	435.5
transcript:AT2G07746.1	0	1	1	2	0.923444262908315	1.25561399658219	3.47138470752521	0.361704075569696	0.717573181128919	0.94345310662791	1	106
transcript:AT2G07748.1	0	0	0	0	0	NA	NA	NA	1	1	1	435.5
transcript:AT2G07752.1	0	0	0	0	0	NA	NA	NA	1	1	1	435.5
transcript:AT2G07753.1	0	0	1	0	0.208828248655144	1.16746588870321	4.99606740169319	0.233676969271381	0.815235768648862	0.94345310662791	1	151.5
transcript:AT2G07754.1	4	4	9	2	4.37160443331983	0.173847848389997	1.60985406140197	0.107989818802953	0.914003768397036	0.967657138543568	1	165
transcript:AT2G07755.1	0	0	0	0	0	NA	NA	NA	1	1	1	435.5
transcript:AT2G07792.1	5	4	8	3	4.613886381483	0.0201289346859567	1.53857326100544	0.0130828574732949	0.989561687783994	0.995059252716127	1	180
transcript:AT2G07793.1	0	0	0	0	0	NA	NA	NA	1	1	1	435.5
transcript:AT2G07794.1	1	1	0	0	0.514499816412763	-2.71439238749435	4.71418069126293	-0.575793030700985	0.564755084787691	0.94345310662791	1	52.5
transcript:AT2G05315.1	1	5	2	1	2.27109211653206	-1.35044857271375	2.22218935589393	-0.60771084567206	0.543379268511066	0.94345310662791	1	44
transcript:AT2G07756.1	0	0	1	0	0.208828248655144	1.16746588870321	4.99606740169319	0.233676969271381	0.815235768648862	0.94345310662791	1	151.5
transcript:AT2G07757.1	0	0	0	2	0.434150929772479	2.20103520727976	4.89042674825447	0.45007017190583	0.652659843646626	0.94345310662791	1	74.5
transcript:AT2G07758.1	1	2	5	2	2.27325707394166	0.910973316523821	2.16747724240217	0.420291986786541	0.674272163030145	0.94345310662791	1	92
transcript:AT2G05355.1	1	0	0	0	0.234034731932072	-1.67258454007358	4.99091833321758	-0.335125607834838	0.737530336417218	0.94345310662791	1	119.5
transcript:AT2G07759.1	3	2	7	8	4.46143582443353	1.33575517909535	1.58289276320998	0.843869660751083	0.398742243495624	0.94345310662791	1	18
transcript:AT2G07761.1	0	2	0	0	0.560930168961383	-2.82913783717569	4.88414841331497	-0.579248949410099	0.562421206470298	0.94345310662791	1	48.5
transcript:AT2G07762.1	1	1	1	0	0.723328065067908	-1.27859240551588	3.84197482653633	-0.332795622887663	0.739288562524498	0.94345310662791	1	129
transcript:AT2G07763.1	0	4	3	4	2.61664694343316	0.439251089668433	2.18157630708229	0.201345737136237	0.840428241712749	0.960907910441585	1	158
transcript:AT2G07764.1	2	1	2	0	1.16619104565512	-0.840829030535992	3.0881065431818	-0.272279799540094	0.785406887300425	0.94345310662791	1	132
transcript:AT2G07765.1	6	4	3	1	3.36962894036687	-1.58046754095016	1.82569566986581	-0.865679623957439	0.3866658770398	0.94345310662791	1	17
transcript:AT2G07766.1	1	1	3	0	1.1409845623782	0.290648119382417	3.13862683995537	0.0926035920175048	0.926218489996033	0.967657138543568	1	168
transcript:AT2G15950.1	0	0	0	0	0	NA	NA	NA	1	1	1	435.5
transcript:AT2G16240.1	0	0	0	0	0	NA	NA	NA	1	1	1	435.5
transcript:AT2G17810.1	0	0	1	1	0.425903713541384	2.17581911283941	4.89226977642977	0.444746347252187	0.656503071469304	0.94345310662791	1	82
transcript:AT2G18310.1	0	0	0	0	0	NA	NA	NA	1	1	1	435.5
transcript:AT2G21360.1	0	0	0	0	0	NA	NA	NA	1	1	1	435.5
transcript:AT2G21570.1	0	0	0	0	0	NA	NA	NA	1	1	1	435.5
transcript:AT2G21670.1	0	0	0	0	0	NA	NA	NA	1	1	1	435.5
transcript:AT2G21700.1	0	0	0	0	0	NA	NA	NA	1	1	1	435.5
transcript:AT2G22110.1	0	0	0	0	0	NA	NA	NA	1	1	1	435.5
transcript:AT2G22220.1	1	0	0	0	0.234034731932072	-1.67258454007358	4.99091833321758	-0.335125607834838	0.737530336417218	0.94345310662791	1	119.5
transcript:AT2G22280.1	0	0	0	0	0	NA	NA	NA	1	1	1	435.5
transcript:AT2G22380.1	0	0	2	0	0.417656497310289	2.15023716656625	4.89417202453193	0.439346462647457	0.66041051269424	0.94345310662791	1	87
transcript:AT2G22580.1	0	0	0	0	0	NA	NA	NA	1	1	1	435.5
transcript:AT2G23020.1	0	0	0	0	0	NA	NA	NA	1	1	1	435.5
transcript:AT2G23650.1	0	0	0	0	0	NA	NA	NA	1	1	1	435.5
transcript:AT2G24380.1	0	0	0	0	0	NA	NA	NA	1	1	1	435.5
transcript:AT2G25400.1	0	0	0	0	0	NA	NA	NA	1	1	1	435.5
transcript:AT2G26090.1	0	0	0	0	0	NA	NA	NA	1	1	1	435.5
transcript:AT2G27560.1	0	0	0	0	0	NA	NA	NA	1	1	1	435.5
transcript:AT2G27850.1	0	0	0	0	0	NA	NA	NA	1	1	1	435.5
transcript:AT2G28730.1	0	0	0	0	0	NA	NA	NA	1	1	1	435.5
transcript:AT2G28770.1	0	0	0	0	0	NA	NA	NA	1	1	1	435.5
transcript:AT2G29030.1	0	0	0	0	0	NA	NA	NA	1	1	1	435.5
transcript:AT2G29520.1	2	0	0	0	0.468069463864143	-2.59183500530781	4.90169516123114	-0.528762993220662	0.596969872422295	0.94345310662791	1	59.5
transcript:AT2G30180.1	0	0	0	0	0	NA	NA	NA	1	1	1	435.5
transcript:AT2G30190.1	1	0	0	0	0.234034731932072	-1.67258454007358	4.99091833321758	-0.335125607834838	0.737530336417218	0.94345310662791	1	119.5
transcript:AT2G30450.1	0	0	0	0	0	NA	NA	NA	1	1	1	435.5
transcript:AT2G30850.1	0	2	0	0	0.560930168961383	-2.82913783717569	4.88414841331497	-0.579248949410099	0.562421206470298	0.94345310662791	1	48.5
transcript:AT2G32110.1	0	0	0	0	0	NA	NA	NA	1	1	1	435.5
transcript:AT2G33140.1	1	0	0	0	0.234034731932072	-1.67258454007358	4.99091833321758	-0.335125607834838	0.737530336417218	0.94345310662791	1	119.5
transcript:AT2G33650.1	0	0	0	0	0	NA	NA	NA	1	1	1	435.5
transcript:AT2G33660.1	0	2	0	0	0.560930168961383	-2.82913783717569	4.88414841331497	-0.579248949410099	0.562421206470298	0.94345310662791	1	48.5
transcript:AT2G33890.1	0	0	0	0	0	NA	NA	NA	1	1	1	435.5
transcript:AT2G33900.1	0	0	0	0	0	NA	NA	NA	1	1	1	435.5
transcript:AT2G33910.1	1	1	0	0	0.514499816412763	-2.71439238749435	4.71418069126293	-0.575793030700985	0.564755084787691	0.94345310662791	1	52.5
transcript:AT2G33920.1	2	0	0	0	0.468069463864143	-2.59183500530781	4.90169516123114	-0.528762993220662	0.596969872422295	0.94345310662791	1	59.5
transcript:AT2G33930.1	0	1	1	0	0.489293333135836	-0.369189810637245	4.91386962660903	-0.0751321949280156	0.94010953235914	0.967657138543568	1	171
transcript:AT2G33940.1	0	1	0	0	0.280465084480691	-1.8045702068265	4.98221913843754	-0.362202094425021	0.717201014545506	0.94345310662791	1	100.5
transcript:AT2G33950.1	0	0	0	0	0	NA	NA	NA	1	1	1	435.5
transcript:AT2G33960.1	0	0	0	0	0	NA	NA	NA	1	1	1	435.5
transcript:AT2G33970.1	0	0	0	0	0	NA	NA	NA	1	1	1	435.5
transcript:AT2G34950.1	0	0	0	0	0	NA	NA	NA	1	1	1	435.5
transcript:AT2G34985.1	0	0	0	0	0	NA	NA	NA	1	1	1	435.5
transcript:AT2G35220.1	0	0	0	0	0	NA	NA	NA	1	1	1	435.5
transcript:AT2G36140.1	0	0	0	0	0	NA	NA	NA	1	1	1	435.5
transcript:AT2G36150.1	0	0	0	0	0	NA	NA	NA	1	1	1	435.5
transcript:AT2G36280.1	0	0	0	0	0	NA	NA	NA	1	1	1	435.5
transcript:AT2G36510.1	0	0	0	0	0	NA	NA	NA	1	1	1	435.5
transcript:AT2G36520.1	0	0	0	0	0	NA	NA	NA	1	1	1	435.5
transcript:AT2G36600.1	0	0	0	0	0	NA	NA	NA	1	1	1	435.5
transcript:AT2G36860.1	0	0	0	0	0	NA	NA	NA	1	1	1	435.5
transcript:AT2G38030.1	0	0	0	0	0	NA	NA	NA	1	1	1	435.5
transcript:AT2G39600.1	0	0	0	0	0	NA	NA	NA	1	1	1	435.5
transcript:AT2G39610.1	0	0	0	0	0	NA	NA	NA	1	1	1	435.5
transcript:AT2G39860.1	0	0	0	2	0.434150929772479	2.20103520727976	4.89042674825447	0.45007017190583	0.652659843646626	0.94345310662791	1	74.5
transcript:AT2G42020.1	0	0	0	0	0	NA	NA	NA	1	1	1	435.5
transcript:AT2G42420.1	0	0	0	0	0	NA	NA	NA	1	1	1	435.5
transcript:AT2G42970.1	0	0	0	0	0	NA	NA	NA	1	1	1	435.5
transcript:AT2G43300.1	0	0	0	0	0	NA	NA	NA	1	1	1	435.5
transcript:AT2G44320.1	0	0	0	0	0	NA	NA	NA	1	1	1	435.5
transcript:AT2G45020.1	0	0	0	0	0	NA	NA	NA	1	1	1	435.5
transcript:AT2G45390.1	0	0	0	0	0	NA	NA	NA	1	1	1	435.5
transcript:AT2G46120.1	0	0	0	0	0	NA	NA	NA	1	1	1	435.5
transcript:AT2G47100.1	0	0	0	0	0	NA	NA	NA	1	1	1	435.5
transcript:AT2G47740.1	1	0	0	0	0.234034731932072	-1.67258454007358	4.99091833321758	-0.335125607834838	0.737530336417218	0.94345310662791	1	119.5
transcript:AT3G01705.1	0	0	0	2	0.434150929772479	2.20103520727976	4.89042674825447	0.45007017190583	0.652659843646626	0.94345310662791	1	74.5
transcript:AT3G02315.1	0	0	0	1	0.21707546488624	1.19564179470992	4.9940725764353	0.239412178419591	0.810785987546617	0.94345310662791	1	140
transcript:AT3G02335.1	0	0	1	0	0.208828248655144	1.16746588870321	4.99606740169319	0.233676969271381	0.815235768648862	0.94345310662791	1	151.5
transcript:AT3G02715.1	2	0	0	0	0.468069463864143	-2.59183500530781	4.90169516123114	-0.528762993220662	0.596969872422295	0.94345310662791	1	59.5
transcript:AT3G03845.1	0	0	0	0	0	NA	NA	NA	1	1	1	435.5
transcript:AT3G03852.1	0	0	0	0	0	NA	NA	NA	1	1	1	435.5
transcript:AT3G04525.1	0	0	0	0	0	NA	NA	NA	1	1	1	435.5
transcript:AT3G05525.1	0	2	0	1	0.778005633847622	-1.36371758779328	4.04744839107838	-0.336932668690543	0.736167657676805	0.94345310662791	1	109.5
transcript:AT3G05755.1	0	0	0	1	0.21707546488624	1.19564179470992	4.9940725764353	0.239412178419591	0.810785987546617	0.94345310662791	1	140
transcript:AT3G05835.1	0	0	0	0	0	NA	NA	NA	1	1	1	435.5
transcript:AT3G06105.1	0	0	0	0	0	NA	NA	NA	1	1	1	435.5
transcript:AT3G06335.1	0	0	0	0	0	NA	NA	NA	1	1	1	435.5
transcript:AT3G06665.1	0	0	0	0	0	NA	NA	NA	1	1	1	435.5
transcript:AT3G07025.1	0	0	0	0	0	NA	NA	NA	1	1	1	435.5
transcript:AT3G07055.1	0	0	0	0	0	NA	NA	NA	1	1	1	435.5
transcript:AT3G07115.1	0	0	0	0	0	NA	NA	NA	1	1	1	435.5
transcript:AT3G07185.1	0	0	0	0	0	NA	NA	NA	1	1	1	435.5
transcript:AT3G09505.1	0	0	0	0	0	NA	NA	NA	1	1	1	435.5
transcript:AT3G09585.1	0	0	0	0	0	NA	NA	NA	1	1	1	435.5
transcript:AT3G09595.1	0	1	0	0	0.280465084480691	-1.8045702068265	4.98221913843754	-0.362202094425021	0.717201014545506	0.94345310662791	1	100.5
transcript:AT3G10015.1	1	0	0	0	0.234034731932072	-1.67258454007358	4.99091833321758	-0.335125607834838	0.737530336417218	0.94345310662791	1	119.5
transcript:AT3G10035.1	0	0	0	0	0	NA	NA	NA	1	1	1	435.5
transcript:AT3G10415.1	0	0	0	0	0	NA	NA	NA	1	1	1	435.5
transcript:AT3G11285.1	0	0	0	0	0	NA	NA	NA	1	1	1	435.5
transcript:AT3G11395.1	0	0	0	0	0	NA	NA	NA	1	1	1	435.5
transcript:AT3G11505.1	0	0	0	0	0	NA	NA	NA	1	1	1	435.5
transcript:AT3G12385.1	0	0	0	0	0	NA	NA	NA	1	1	1	435.5
transcript:AT3G12585.1	0	0	0	2	0.434150929772479	2.20103520727976	4.89042674825447	0.45007017190583	0.652659843646626	0.94345310662791	1	74.5
transcript:AT3G13223.1	0	1	0	0	0.280465084480691	-1.8045702068265	4.98221913843754	-0.362202094425021	0.717201014545506	0.94345310662791	1	100.5
transcript:AT3G13335.1	0	0	0	0	0	NA	NA	NA	1	1	1	435.5
transcript:AT3G14855.1	0	0	1	0	0.208828248655144	1.16746588870321	4.99606740169319	0.233676969271381	0.815235768648862	0.94345310662791	1	151.5
transcript:AT3G15055.1	0	0	0	0	0	NA	NA	NA	1	1	1	435.5
transcript:AT3G15585.1	0	0	0	0	0	NA	NA	NA	1	1	1	435.5
transcript:AT3G16552.1	0	0	0	0	0	NA	NA	NA	1	1	1	435.5
transcript:AT3G18815.1	0	0	0	0	0	NA	NA	NA	1	1	1	435.5
transcript:AT3G18952.1	0	0	0	0	0	NA	NA	NA	1	1	1	435.5
transcript:AT3G19235.1	0	0	0	0	0	NA	NA	NA	1	1	1	435.5
transcript:AT3G20655.1	1	0	0	0	0.234034731932072	-1.67258454007358	4.99091833321758	-0.335125607834838	0.737530336417218	0.94345310662791	1	119.5
transcript:AT3G20885.1	0	0	0	0	0	NA	NA	NA	1	1	1	435.5
transcript:AT3G21475.1	0	0	0	0	0	NA	NA	NA	1	1	1	435.5
transcript:AT3G25715.1	0	0	0	0	0	NA	NA	NA	1	1	1	435.5
transcript:AT3G26747.1	0	0	0	0	0	NA	NA	NA	1	1	1	435.5
transcript:AT3G27555.1	0	2	0	0	0.560930168961383	-2.82913783717569	4.88414841331497	-0.579248949410099	0.562421206470298	0.94345310662791	1	48.5
transcript:AT3G27825.1	1	0	0	0	0.234034731932072	-1.67258454007358	4.99091833321758	-0.335125607834838	0.737530336417218	0.94345310662791	1	119.5
transcript:AT3G27845.1	0	0	0	0	0	NA	NA	NA	1	1	1	435.5
transcript:AT3G28685.1	0	0	0	0	0	NA	NA	NA	1	1	1	435.5
transcript:AT3G28695.1	0	0	0	0	0	NA	NA	NA	1	1	1	435.5
transcript:AT3G29095.1	0	0	0	0	0	NA	NA	NA	1	1	1	435.5
transcript:AT3G30345.1	0	0	0	0	0	NA	NA	NA	1	1	1	435.5
transcript:AT3G44955.1	0	0	0	0	0	NA	NA	NA	1	1	1	435.5
transcript:AT3G45935.1	0	0	0	0	0	NA	NA	NA	1	1	1	435.5
transcript:AT3G45955.1	0	0	0	0	0	NA	NA	NA	1	1	1	435.5
transcript:AT3G45965.1	0	0	0	0	0	NA	NA	NA	1	1	1	435.5
transcript:AT3G46585.1	2	0	0	0	0.468069463864143	-2.59183500530781	4.90169516123114	-0.528762993220662	0.596969872422295	0.94345310662791	1	59.5
transcript:AT3G46875.1	0	0	0	0	0	NA	NA	NA	1	1	1	435.5
transcript:AT3G48275.1	0	0	0	0	0	NA	NA	NA	1	1	1	435.5
transcript:AT3G48515.1	0	0	0	0	0	NA	NA	NA	1	1	1	435.5
transcript:AT3G48745.1	0	0	0	0	0	NA	NA	NA	1	1	1	435.5
transcript:AT3G49925.1	0	0	0	0	0	NA	NA	NA	1	1	1	435.5
transcript:AT3G50505.1	0	0	0	0	0	NA	NA	NA	1	1	1	435.5
transcript:AT3G50665.1	0	0	0	0	0	NA	NA	NA	1	1	1	435.5
transcript:AT3G50835.1	0	0	0	0	0	NA	NA	NA	1	1	1	435.5
transcript:AT3G50895.1	0	0	0	0	0	NA	NA	NA	1	1	1	435.5
transcript:AT3G51135.1	0	0	0	0	0	NA	NA	NA	1	1	1	435.5
transcript:AT3G51265.1	0	0	0	0	0	NA	NA	NA	1	1	1	435.5
transcript:AT3G52285.1	0	0	0	0	0	NA	NA	NA	1	1	1	435.5
transcript:AT3G52345.1	12	3	10	9	7.69177370715453	0.1344368815157	1.23869151717391	0.10853136527682	0.913574201560332	0.967657138543568	1	164
transcript:AT3G52565.1	1	1	2	1	1.14923177860929	0.307303519841666	2.89914117751436	0.105998121866262	0.915583842326098	0.967657138543568	1	166
transcript:AT3G52765.1	0	0	0	0	0	NA	NA	NA	1	1	1	435.5
transcript:AT3G52955.1	0	0	0	0	0	NA	NA	NA	1	1	1	435.5
transcript:AT3G53775.1	0	0	0	0	0	NA	NA	NA	1	1	1	435.5
transcript:AT3G53965.1	0	0	0	0	0	NA	NA	NA	1	1	1	435.5
transcript:AT3G55735.1	0	0	0	0	0	NA	NA	NA	1	1	1	435.5
transcript:AT3G55795.1	0	0	0	0	0	NA	NA	NA	1	1	1	435.5
transcript:AT3G56085.1	0	0	0	0	0	NA	NA	NA	1	1	1	435.5
transcript:AT3G58035.1	0	0	0	0	0	NA	NA	NA	1	1	1	435.5
transcript:AT3G58165.1	0	0	0	0	0	NA	NA	NA	1	1	1	435.5
transcript:AT3G59415.1	0	0	0	0	0	NA	NA	NA	1	1	1	435.5
transcript:AT3G59923.1	0	0	0	0	0	NA	NA	NA	1	1	1	435.5
transcript:AT3G59926.1	0	0	0	0	0	NA	NA	NA	1	1	1	435.5
transcript:AT3G60075.1	0	0	0	0	0	NA	NA	NA	1	1	1	435.5
transcript:AT3G60805.1	0	0	0	0	0	NA	NA	NA	1	1	1	435.5
transcript:AT3G61105.1	0	0	0	0	0	NA	NA	NA	1	1	1	435.5
transcript:AT3G61545.1	2	0	0	0	0.468069463864143	-2.59183500530781	4.90169516123114	-0.528762993220662	0.596969872422295	0.94345310662791	1	59.5
transcript:AT3G61715.1	0	0	0	0	0	NA	NA	NA	1	1	1	435.5
transcript:AT3G61755.1	0	0	0	0	0	NA	NA	NA	1	1	1	435.5
transcript:AT3G61825.1	0	0	0	0	0	NA	NA	NA	1	1	1	435.5
transcript:AT3G62245.1	0	0	0	0	0	NA	NA	NA	1	1	1	435.5
transcript:AT3G62285.1	0	0	0	0	0	NA	NA	NA	1	1	1	435.5
transcript:AT3G62735.1	0	0	0	0	0	NA	NA	NA	1	1	1	435.5
transcript:AT3G63003.1	0	0	0	0	0	NA	NA	NA	1	1	1	435.5
transcript:AT3G63006.1	0	0	0	0	0	NA	NA	NA	1	1	1	435.5
transcript:AT4G00085.1	0	0	0	0	0	NA	NA	NA	1	1	1	435.5
transcript:AT4G00985.1	0	0	0	0	0	NA	NA	NA	1	1	1	435.5
transcript:AT4G01355.1	0	0	0	0	0	NA	NA	NA	1	1	1	435.5
transcript:AT4G01865.1	0	1	3	3	1.55817622510484	2.26410581485687	2.83929675327202	0.797417815607935	0.425208415833939	0.94345310662791	1	24
transcript:AT4G02055.1	0	0	0	0	0	NA	NA	NA	1	1	1	435.5
transcript:AT4G03135.1	0	0	0	0	0	NA	NA	NA	1	1	1	435.5
transcript:AT4G03285.1	0	0	0	0	0	NA	NA	NA	1	1	1	435.5
transcript:AT4G03405.1	0	0	2	0	0.417656497310289	2.15023716656625	4.89417202453193	0.439346462647457	0.66041051269424	0.94345310662791	1	87
transcript:AT4G03435.1	0	0	0	0	0	NA	NA	NA	1	1	1	435.5
transcript:AT4G08345.1	0	0	0	0	0	NA	NA	NA	1	1	1	435.5
transcript:AT4G10815.1	0	0	0	0	0	NA	NA	NA	1	1	1	435.5
transcript:AT4G11177.1	0	0	0	0	0	NA	NA	NA	1	1	1	435.5
transcript:AT4G11213.1	0	0	0	0	0	NA	NA	NA	1	1	1	435.5
transcript:AT4G11216.1	0	0	0	0	0	NA	NA	NA	1	1	1	435.5
transcript:AT4G11355.1	0	0	0	0	0	NA	NA	NA	1	1	1	435.5
transcript:AT4G11405.1	0	0	0	0	0	NA	NA	NA	1	1	1	435.5
transcript:AT4G11985.1	0	0	0	1	0.21707546488624	1.19564179470992	4.9940725764353	0.239412178419591	0.810785987546617	0.94345310662791	1	140
transcript:AT4G12065.1	2	0	3	1	1.31162967471582	0.82037301768015	2.94278416783318	0.278774443143822	0.780417928642612	0.94345310662791	1	131
transcript:AT4G12115.1	0	0	0	0	0	NA	NA	NA	1	1	1	435.5
transcript:AT4G12405.1	0	0	0	0	0	NA	NA	NA	1	1	1	435.5
transcript:AT4G13265.1	0	0	0	0	0	NA	NA	NA	1	1	1	435.5
transcript:AT4G13445.1	0	0	0	0	0	NA	NA	NA	1	1	1	435.5
transcript:AT4G14345.1	0	0	0	0	0	NA	NA	NA	1	1	1	435.5
transcript:AT4G14415.1	0	0	0	0	0	NA	NA	NA	1	1	1	435.5
transcript:AT4G15775.1	0	0	0	0	0	NA	NA	NA	1	1	1	435.5
transcript:AT4G16105.1	0	0	0	0	0	NA	NA	NA	1	1	1	435.5
transcript:AT4G16235.1	0	0	3	0	0.626484745965433	2.73446922784162	4.75542543359994	0.575020945238876	0.565277131606962	0.94345310662791	1	54
transcript:AT4G16465.1	0	0	0	0	0	NA	NA	NA	1	1	1	435.5
transcript:AT4G16475.1	0	0	0	0	0	NA	NA	NA	1	1	1	435.5
transcript:AT4G17612.1	1	0	0	0	0.234034731932072	-1.67258454007358	4.99091833321758	-0.335125607834838	0.737530336417218	0.94345310662791	1	119.5
transcript:AT4G17765.1	0	0	0	0	0	NA	NA	NA	1	1	1	435.5
transcript:AT4G17975.1	0	0	0	0	0	NA	NA	NA	1	1	1	435.5
transcript:AT4G18255.1	0	0	0	0	0	NA	NA	NA	1	1	1	435.5
transcript:AT4G18725.1	0	0	0	0	0	NA	NA	NA	1	1	1	435.5
transcript:AT4G18815.1	0	0	0	0	0	NA	NA	NA	1	1	1	435.5
transcript:AT4G20115.1	0	0	1	0	0.208828248655144	1.16746588870321	4.99606740169319	0.233676969271381	0.815235768648862	0.94345310662791	1	151.5
transcript:AT4G22265.1	1	0	0	0	0.234034731932072	-1.67258454007358	4.99091833321758	-0.335125607834838	0.737530336417218	0.94345310662791	1	119.5
transcript:AT4G22635.1	0	0	0	0	0	NA	NA	NA	1	1	1	435.5
transcript:AT4G22754.1	0	0	0	0	0	NA	NA	NA	1	1	1	435.5
transcript:AT4G23635.1	3	0	0	0	0.702104195796215	-3.17426646729795	4.53434304575255	-0.700049915780276	0.483896132193301	0.94345310662791	1	33
transcript:AT4G23915.1	0	0	0	0	0	NA	NA	NA	1	1	1	435.5
transcript:AT4G24025.1	0	0	0	0	0	NA	NA	NA	1	1	1	435.5
transcript:AT4G24565.1	0	0	0	0	0	NA	NA	NA	1	1	1	435.5
transcript:AT4G25435.1	0	0	0	0	0	NA	NA	NA	1	1	1	435.5
transcript:AT4G25585.1	0	0	0	0	0	NA	NA	NA	1	1	1	435.5
transcript:AT4G25635.1	0	0	0	0	0	NA	NA	NA	1	1	1	435.5
transcript:AT4G26225.1	0	0	0	0	0	NA	NA	NA	1	1	1	435.5
transcript:AT4G26375.1	0	1	0	0	0.280465084480691	-1.8045702068265	4.98221913843754	-0.362202094425021	0.717201014545506	0.94345310662791	1	100.5
transcript:AT4G26385.1	0	0	0	0	0	NA	NA	NA	1	1	1	435.5
transcript:AT4G26675.1	0	0	0	0	0	NA	NA	NA	1	1	1	435.5
transcript:AT4G27395.1	0	0	1	0	0.208828248655144	1.16746588870321	4.99606740169319	0.233676969271381	0.815235768648862	0.94345310662791	1	151.5
transcript:AT4G27875.1	0	0	0	0	0	NA	NA	NA	1	1	1	435.5
transcript:AT4G27885.1	0	0	0	0	0	NA	NA	NA	1	1	1	435.5
transcript:AT4G28362.1	0	0	0	0	0	NA	NA	NA	1	1	1	435.5
transcript:AT4G28915.1	0	0	0	0	0	NA	NA	NA	1	1	1	435.5
transcript:AT4G29415.1	0	0	0	0	0	NA	NA	NA	1	1	1	435.5
transcript:AT4G31075.1	0	0	0	0	0	NA	NA	NA	1	1	1	435.5
transcript:AT4G31265.1	4	0	0	0	0.936138927728286	-3.58910075261998	4.03045156324161	-0.890495939798203	0.37319964758967	0.94345310662791	1	15
transcript:AT4G31695.1	0	0	0	0	0	NA	NA	NA	1	1	1	435.5
transcript:AT4G31895.1	0	0	0	0	0	NA	NA	NA	1	1	1	435.5
transcript:AT4G32265.1	0	0	0	0	0	NA	NA	NA	1	1	1	435.5
transcript:AT4G32475.1	0	0	0	1	0.21707546488624	1.19564179470992	4.9940725764353	0.239412178419591	0.810785987546617	0.94345310662791	1	140
transcript:AT4G32765.1	0	0	0	0	0	NA	NA	NA	1	1	1	435.5
transcript:AT4G34035.1	0	0	0	0	0	NA	NA	NA	1	1	1	435.5
transcript:AT4G34415.1	0	0	0	2	0.434150929772479	2.20103520727976	4.89042674825447	0.45007017190583	0.652659843646626	0.94345310662791	1	74.5
transcript:AT4G34695.1	0	0	0	0	0	NA	NA	NA	1	1	1	435.5
transcript:AT4G34975.1	0	0	0	0	0	NA	NA	NA	1	1	1	435.5
transcript:AT4G36197.1	0	0	0	0	0	NA	NA	NA	1	1	1	435.5
transcript:AT4G36245.1	0	0	0	0	0	NA	NA	NA	1	1	1	435.5
transcript:AT4G36635.1	0	0	0	0	0	NA	NA	NA	1	1	1	435.5
transcript:AT4G37175.1	0	0	0	0	0	NA	NA	NA	1	1	1	435.5
transcript:AT4G39195.1	0	0	0	0	0	NA	NA	NA	1	1	1	435.5
transcript:AT4G39345.1	0	1	0	0	0.280465084480691	-1.8045702068265	4.98221913843754	-0.362202094425021	0.717201014545506	0.94345310662791	1	100.5
transcript:AT4G39615.1	0	0	0	0	0	NA	NA	NA	1	1	1	435.5
transcript:AT4G39672.1	0	0	0	1	0.21707546488624	1.19564179470992	4.9940725764353	0.239412178419591	0.810785987546617	0.94345310662791	1	140
transcript:AT4G39865.1	0	0	0	0	0	NA	NA	NA	1	1	1	435.5
transcript:AT4G39985.1	0	0	0	0	0	NA	NA	NA	1	1	1	435.5
transcript:AT5G01365.1	0	0	0	0	0	NA	NA	NA	1	1	1	435.5
transcript:AT5G02025.1	0	0	0	0	0	NA	NA	NA	1	1	1	435.5
transcript:AT5G02385.1	0	0	0	0	0	NA	NA	NA	1	1	1	435.5
transcript:AT5G02435.1	0	0	0	0	0	NA	NA	NA	1	1	1	435.5
transcript:AT5G02505.1	0	0	0	0	0	NA	NA	NA	1	1	1	435.5
transcript:AT5G02615.1	0	0	0	0	0	NA	NA	NA	1	1	1	435.5
transcript:AT5G02725.1	0	0	0	0	0	NA	NA	NA	1	1	1	435.5
transcript:AT5G02815.1	0	0	0	0	0	NA	NA	NA	1	1	1	435.5
transcript:AT5G03445.1	0	0	0	0	0	NA	NA	NA	1	1	1	435.5
transcript:AT5G03452.1	0	1	0	0	0.280465084480691	-1.8045702068265	4.98221913843754	-0.362202094425021	0.717201014545506	0.94345310662791	1	100.5
transcript:AT5G03705.1	0	0	0	0	0	NA	NA	NA	1	1	1	435.5
transcript:AT5G03745.1	0	0	0	0	0	NA	NA	NA	1	1	1	435.5
transcript:AT5G03775.1	0	0	0	0	0	NA	NA	NA	1	1	1	435.5
transcript:AT5G05795.1	0	0	0	0	0	NA	NA	NA	1	1	1	435.5
transcript:AT5G05945.1	0	0	0	1	0.21707546488624	1.19564179470992	4.9940725764353	0.239412178419591	0.810785987546617	0.94345310662791	1	140
transcript:AT5G05985.1	0	0	0	0	0	NA	NA	NA	1	1	1	435.5
transcript:AT5G06125.1	0	0	0	0	0	NA	NA	NA	1	1	1	435.5
transcript:AT5G06685.1	0	0	0	0	0	NA	NA	NA	1	1	1	435.5
transcript:AT5G07135.1	0	0	0	0	0	NA	NA	NA	1	1	1	435.5
transcript:AT5G07315.1	0	0	0	0	0	NA	NA	NA	1	1	1	435.5
transcript:AT5G07625.1	0	0	0	0	0	NA	NA	NA	1	1	1	435.5
transcript:AT5G07675.1	0	0	0	0	0	NA	NA	NA	1	1	1	435.5
transcript:AT5G08075.1	0	0	0	0	0	NA	NA	NA	1	1	1	435.5
transcript:AT5G09345.1	0	0	0	0	0	NA	NA	NA	1	1	1	435.5
transcript:AT5G09655.1	0	0	0	0	0	NA	NA	NA	1	1	1	435.5
transcript:AT5G09755.1	0	0	0	0	0	NA	NA	NA	1	1	1	435.5
transcript:AT5G09975.1	0	0	0	0	0	NA	NA	NA	1	1	1	435.5
transcript:AT5G10235.1	0	0	0	0	0	NA	NA	NA	1	1	1	435.5
transcript:AT5G10455.1	0	0	0	0	0	NA	NA	NA	1	1	1	435.5
transcript:AT5G10525.1	0	0	0	0	0	NA	NA	NA	1	1	1	435.5
transcript:AT5G11225.1	0	0	0	0	0	NA	NA	NA	1	1	1	435.5
transcript:AT5G11325.1	0	0	0	0	0	NA	NA	NA	1	1	1	435.5
transcript:AT5G11475.1	0	0	0	0	0	NA	NA	NA	1	1	1	435.5
transcript:AT5G13845.1	0	0	0	0	0	NA	NA	NA	1	1	1	435.5
transcript:AT5G14035.1	0	0	0	0	0	NA	NA	NA	1	1	1	435.5
transcript:AT5G14495.1	0	0	0	0	0	NA	NA	NA	1	1	1	435.5
transcript:AT5G15175.1	0	0	0	0	0	NA	NA	NA	1	1	1	435.5
transcript:AT5G15805.1	0	0	0	0	0	NA	NA	NA	1	1	1	435.5
transcript:AT5G15815.1	0	0	0	0	0	NA	NA	NA	1	1	1	435.5
transcript:AT5G16375.1	0	0	0	0	0	NA	NA	NA	1	1	1	435.5
transcript:AT5G18005.1	0	0	0	0	0	NA	NA	NA	1	1	1	435.5
transcript:AT5G18015.1	0	0	0	0	0	NA	NA	NA	1	1	1	435.5
transcript:AT5G18085.1	0	0	0	0	0	NA	NA	NA	1	1	1	435.5
transcript:AT5G18755.1	0	0	0	0	0	NA	NA	NA	1	1	1	435.5
transcript:AT5G19095.1	0	0	0	0	0	NA	NA	NA	1	1	1	435.5
transcript:AT5G20852.1	0	0	0	0	0	NA	NA	NA	1	1	1	435.5
transcript:AT5G20854.1	0	0	0	0	0	NA	NA	NA	1	1	1	435.5
transcript:AT5G20856.1	0	0	0	0	0	NA	NA	NA	1	1	1	435.5
transcript:AT5G20858.1	0	0	0	0	0	NA	NA	NA	1	1	1	435.5
transcript:AT5G21378.1	0	0	0	0	0	NA	NA	NA	1	1	1	435.5
transcript:AT5G22315.1	0	1	0	0	0.280465084480691	-1.8045702068265	4.98221913843754	-0.362202094425021	0.717201014545506	0.94345310662791	1	100.5
transcript:AT5G23665.1	0	0	0	0	0	NA	NA	NA	1	1	1	435.5
transcript:AT5G25585.1	0	0	0	0	0	NA	NA	NA	1	1	1	435.5
transcript:AT5G25625.1	0	0	0	0	0	NA	NA	NA	1	1	1	435.5
transcript:AT5G27715.1	0	0	2	0	0.417656497310289	2.15023716656625	4.89417202453193	0.439346462647457	0.66041051269424	0.94345310662791	1	87
transcript:AT5G32017.1	0	0	0	0	0	NA	NA	NA	1	1	1	435.5
transcript:AT5G35605.1	0	0	0	0	0	NA	NA	NA	1	1	1	435.5
transcript:AT5G37795.1	0	0	0	0	0	NA	NA	NA	1	1	1	435.5
transcript:AT5G38155.1	0	0	0	0	0	NA	NA	NA	1	1	1	435.5
transcript:AT5G38905.1	0	0	0	0	0	NA	NA	NA	1	1	1	435.5
transcript:AT5G39535.1	0	0	0	0	0	NA	NA	NA	1	1	1	435.5
transcript:AT5G39895.1	0	0	0	0	0	NA	NA	NA	1	1	1	435.5
transcript:AT5G40545.1	0	0	0	0	0	NA	NA	NA	1	1	1	435.5
transcript:AT5G40945.1	0	0	0	0	0	NA	NA	NA	1	1	1	435.5
transcript:AT5G41265.1	0	0	0	0	0	NA	NA	NA	1	1	1	435.5
transcript:AT5G41605.1	0	0	0	0	0	NA	NA	NA	1	1	1	435.5
transcript:AT5G41675.1	0	0	0	0	0	NA	NA	NA	1	1	1	435.5
transcript:AT5G43455.1	5	0	0	0	1.17017365966036	-3.91084895827365	3.69261207011682	-1.05910095185004	0.289553806531603	0.94345310662791	1	12
transcript:AT5G43535.1	0	0	0	0	0	NA	NA	NA	1	1	1	435.5
transcript:AT5G44283.1	0	0	0	0	0	NA	NA	NA	1	1	1	435.5
transcript:AT5G44375.1	0	0	0	0	0	NA	NA	NA	1	1	1	435.5
transcript:AT5G44705.1	0	0	0	0	0	NA	NA	NA	1	1	1	435.5
transcript:AT5G45715.1	0	0	0	0	0	NA	NA	NA	1	1	1	435.5
transcript:AT5G45745.1	0	0	0	0	0	NA	NA	NA	1	1	1	435.5
transcript:AT5G46105.1	2	0	0	3	1.11929585852286	0.449001766223148	3.41287665879328	0.131561087936271	0.895331465252694	0.967657138543568	1	162
transcript:AT5G46325.1	0	0	0	0	0	NA	NA	NA	1	1	1	435.5
transcript:AT5G46595.1	0	0	0	0	0	NA	NA	NA	1	1	1	435.5
transcript:AT5G48465.1	0	0	0	0	0	NA	NA	NA	1	1	1	435.5
transcript:AT5G48675.1	0	0	0	0	0	NA	NA	NA	1	1	1	435.5
transcript:AT5G48835.1	0	0	0	0	0	NA	NA	NA	1	1	1	435.5
transcript:AT5G49435.1	0	0	0	0	0	NA	NA	NA	1	1	1	435.5
transcript:AT5G50805.1	0	0	0	0	0	NA	NA	NA	1	1	1	435.5
transcript:AT5G50995.1	1	0	0	0	0.234034731932072	-1.67258454007358	4.99091833321758	-0.335125607834838	0.737530336417218	0.94345310662791	1	119.5
transcript:AT5G51055.1	0	0	0	0	0	NA	NA	NA	1	1	1	435.5
transcript:AT5G52355.1	0	0	0	0	0	NA	NA	NA	1	1	1	435.5
transcript:AT5G52495.1	0	0	0	0	0	NA	NA	NA	1	1	1	435.5
transcript:AT5G52815.1	0	0	0	0	0	NA	NA	NA	1	1	1	435.5
transcript:AT5G53487.1	0	0	0	0	0	NA	NA	NA	1	1	1	435.5
transcript:AT5G54365.1	0	0	0	0	0	NA	NA	NA	1	1	1	435.5
transcript:AT5G54375.1	0	0	0	0	0	NA	NA	NA	1	1	1	435.5
transcript:AT5G54865.1	0	0	0	0	0	NA	NA	NA	1	1	1	435.5
transcript:AT5G55045.1	3	0	0	0	0.702104195796215	-3.17426646729795	4.53434304575255	-0.700049915780276	0.483896132193301	0.94345310662791	1	33
transcript:AT5G55055.1	0	0	0	0	0	NA	NA	NA	1	1	1	435.5
transcript:AT5G55505.1	0	0	0	0	0	NA	NA	NA	1	1	1	435.5
transcript:AT5G56365.1	0	0	0	0	0	NA	NA	NA	1	1	1	435.5
transcript:AT5G56745.1	0	0	1	0	0.208828248655144	1.16746588870321	4.99606740169319	0.233676969271381	0.815235768648862	0.94345310662791	1	151.5
transcript:AT5G56975.1	0	0	0	0	0	NA	NA	NA	1	1	1	435.5
transcript:AT5G57885.1	0	0	0	0	0	NA	NA	NA	1	1	1	435.5
transcript:AT5G58495.1	0	0	0	0	0	NA	NA	NA	1	1	1	435.5
transcript:AT5G59055.1	0	0	0	0	0	NA	NA	NA	1	1	1	435.5
transcript:AT5G59385.1	0	1	0	0	0.280465084480691	-1.8045702068265	4.98221913843754	-0.362202094425021	0.717201014545506	0.94345310662791	1	100.5
transcript:AT5G59395.1	0	0	0	0	0	NA	NA	NA	1	1	1	435.5
transcript:AT5G59945.1	0	0	0	0	0	NA	NA	NA	1	1	1	435.5
transcript:AT5G60285.1	3	3	10	2	4.06593286556221	0.713744700410488	1.68305451632803	0.424076994230518	0.671509662832463	0.94345310662791	1	91
transcript:AT5G60963.1	0	0	0	0	0	NA	NA	NA	1	1	1	435.5
transcript:AT5G60966.1	0	0	0	0	0	NA	NA	NA	1	1	1	435.5
transcript:AT5G61345.1	0	0	0	0	0	NA	NA	NA	1	1	1	435.5
transcript:AT5G61445.1	0	0	0	0	0	NA	NA	NA	1	1	1	435.5
transcript:AT5G61835.1	1	0	0	0	0.234034731932072	-1.67258454007358	4.99091833321758	-0.335125607834838	0.737530336417218	0.94345310662791	1	119.5
transcript:AT5G63145.1	0	0	0	0	0	NA	NA	NA	1	1	1	435.5
transcript:AT5G64505.1	0	0	0	0	0	NA	NA	NA	1	1	1	435.5
transcript:AT5G64735.1	0	0	0	0	0	NA	NA	NA	1	1	1	435.5
transcript:AT5G64855.1	3	0	0	0	0.702104195796215	-3.17426646729795	4.53434304575255	-0.700049915780276	0.483896132193301	0.94345310662791	1	33
transcript:AT5G65015.1	0	0	0	2	0.434150929772479	2.20103520727976	4.89042674825447	0.45007017190583	0.652659843646626	0.94345310662791	1	74.5
transcript:AT5G65305.1	0	0	0	0	0	NA	NA	NA	1	1	1	435.5
transcript:AT5G65445.1	0	2	0	2	0.995081098733862	-0.354306478037212	3.59347661760869	-0.0985971291147535	0.921458149549715	0.967657138543568	1	167
transcript:AT5G65535.1	0	0	0	0	0	NA	NA	NA	1	1	1	435.5
transcript:AT5G65615.1	0	0	0	0	0	NA	NA	NA	1	1	1	435.5
transcript:AT5G66535.1	0	0	0	0	0	NA	NA	NA	1	1	1	435.5
transcript:AT5G66568.1	0	0	0	0	0	NA	NA	NA	1	1	1	435.5
transcript:AT5G66755.1	0	0	0	0	0	NA	NA	NA	1	1	1	435.5
transcript:AT5G66817.1	0	0	0	0	0	NA	NA	NA	1	1	1	435.5
transcript:AT5G67455.1	0	0	4	1	1.05238845950682	3.48224884851219	3.5156755798089	0.990492088778417	0.321933654111046	0.94345310662791	1	13
transcript:ATMG00100.1	0	0	2	2	0.851807427082768	3.17584168346532	3.78887066735553	0.838202715872041	0.401916862006943	0.94345310662791	1	19.5
transcript:ATMG09450.1	22	25	39	25	25.7315795342295	0.162543811286899	0.707752021337966	0.2296620940476	0.818354352157911	0.94345310662791	1	157
transcript:ATMG00190.1	0	0	1	0	0.208828248655144	1.16746588870321	4.99606740169319	0.233676969271381	0.815235768648862	0.94345310662791	1	151.5
transcript:ATMG00230.1	0	0	2	0	0.417656497310289	2.15023716656625	4.89417202453193	0.439346462647457	0.66041051269424	0.94345310662791	1	87
transcript:ATMG00250.1	2	0	2	5	1.97110328560563	1.64120072444491	2.49557112500963	0.657645341379953	0.51076605213787	0.94345310662791	1	39
transcript:ATMG00330.1	0	2	7	3	2.67395430420611	1.96026840257677	2.21705480582777	0.884176790498816	0.376600785229764	0.94345310662791	1	16
transcript:ATMG00340.1	0	0	2	1	0.634731962196528	2.7522179719648	4.29456325986291	0.640860968957448	0.521613016602486	0.94345310662791	1	41.5
transcript:ATMG00350.1	0	1	1	4	1.35759519268079	2.01042420904852	3.02550090652945	0.664493011623213	0.506374820235504	0.94345310662791	1	36
transcript:ATMG00360.1	1	1	3	2	1.57513549215068	1.04785967080722	2.54410910988497	0.411876859658191	0.680429682536069	0.94345310662791	1	93
transcript:ATMG00380.1	4	2	1	4	2.57419920488977	-0.483962844016804	2.03770645523066	-0.237503710494955	0.81226604098637	0.94345310662791	1	145
transcript:ATMG00390.1	3	3	0	0	1.54349944923829	-4.299414619951	3.01177435684576	-1.42753543610544	0.153425618559168	0.94345310662791	1	7
transcript:ATMG00420.1	1	0	0	0	0.234034731932072	-1.67258454007358	4.99091833321758	-0.335125607834838	0.737530336417218	0.94345310662791	1	119.5
transcript:ATMG00460.1	0	3	0	0	0.841395253442074	-3.41492855087209	4.21997238862785	-0.809230069863673	0.418382821659812	0.94345310662791	1	22
transcript:ATMG09730.1	21	7	24	20	16.2313722273866	0.433225116335519	0.887180594803994	0.488316718008504	0.625325521617972	0.94345310662791	1	66
transcript:ATMG09740.1	0	0	0	0	0	NA	NA	NA	1	1	1	435.5
transcript:ATMG00700.1	0	0	0	0	0	NA	NA	NA	1	1	1	435.5
transcript:ATMG00780.1	5	4	5	2	3.77032617063133	-0.630784431180773	1.68663342850167	-0.373990234345783	0.708411581731631	0.94345310662791	1	94
transcript:ATMG00790.1	0	0	0	0	0	NA	NA	NA	1	1	1	435.5
transcript:ATMG00800.1	0	0	0	0	0	NA	NA	NA	1	1	1	435.5
transcript:ATMG00930.1	0	0	0	0	0	NA	NA	NA	1	1	1	435.5
transcript:ATMG00950.1	0	0	2	0	0.417656497310289	2.15023716656625	4.89417202453193	0.439346462647457	0.66041051269424	0.94345310662791	1	87
transcript:ATMG01070.1	0	0	2	0	0.417656497310289	2.15023716656625	4.89417202453193	0.439346462647457	0.66041051269424	0.94345310662791	1	87
transcript:ATMG01160.1	1	5	2	0	2.05401665164582	-1.95068414210862	2.51015385994286	-0.777117360508341	0.437089532387929	0.94345310662791	1	27
transcript:ATMG09950.1	4	4	8	6	5.03107804420965	0.533942984411511	1.46361439074452	0.364811242488468	0.715252312354839	0.94345310662791	1	95
transcript:ATMG01340.1	0	0	0	0	0	NA	NA	NA	1	1	1	435.5
transcript:ATMG09960.1	0	2	1	0	0.769758417616527	-1.38881822423825	4.06384461696121	-0.341749834243603	0.732539165277915	0.94345310662791	1	107.5
transcript:ATMG09980.1	6	1	16	20	9.36743475228022	2.15797690741496	1.21631550475467	1.7741917281982	0.0760314419840701	0.94345310662791	1	3
transcript:ATCG00010.1	510	11	556	766	404.831141569764	1.20525447010214	1.83072410776504	0.65834849991325	0.510314219862879	0.94345310662791	1	38
transcript:ATCG00030.1	2278	2178	2231	2326	2114.79742741523	-0.236695659335206	0.262784116867519	-0.900722852494677	0.367735695056855	0.94345310662791	1	14
transcript:ATCG00060.1	0	1	1	0	0.489293333135836	-0.369189810637245	4.91386962660903	-0.0751321949280156	0.94010953235914	0.967657138543568	1	171
transcript:ATCG00090.1	115	43	127	141	96.1028209330211	0.545806587631378	0.478802891525995	1.13994004065396	0.254311281977069	0.94345310662791	1	10
transcript:ATCG00100.1	74	86	130	68	83.3473713657458	0.0193730011178988	0.48390701774161	0.0400345529360422	0.968065579105766	0.982066713348512	1	178
transcript:ATCG00110.1	5	11	12	4	7.62953043235466	-0.323164500861629	1.26587799741878	-0.255288820502912	0.798500033897035	0.94345310662791	1	135
transcript:ATCG00200.1	9	7	3	6	5.99850571403636	-1.08002766980484	1.36909430929576	-0.788862872682883	0.430192157508812	0.94345310662791	1	26
transcript:ATCG00230.1	1	1	2	0	0.932156313723052	-0.293660879840191	3.40662932042589	-0.0862027688423342	0.931305229685309	0.967657138543568	1	169
transcript:ATCG00240.1	4	2	35	22	13.581718027117	2.99771997046994	1.06682609710694	2.80994248134657	0.0049550354547022	0.896861417301098	1	1
transcript:ATCG00250.1	1	0	4	13	3.89132877007376	3.85568499527439	2.17326187167164	1.77414652395694	0.0760389169646349	0.94345310662791	1	4
transcript:ATCG00260.1	4	0	1	0	1.14496717638343	-2.1574189421847	3.48277048045844	-0.619454814576446	0.53561678018347	0.94345310662791	1	43
transcript:ATCG00290.1	171	78	173	191	139.48491656049	0.322138044235616	0.41647080478702	0.773494901762333	0.439229544818398	0.94345310662791	1	28
transcript:ATCG00310.1	5	7	2	13	6.3730667918566	0.0507891652767301	1.40751453515975	0.0360842918549085	0.971215147455158	0.982066713348512	1	179
transcript:ATCG00320.1	4	0	7	15	5.65406864160789	2.28625062871402	1.61628576559136	1.41450891753509	0.157212530934594	0.94345310662791	1	8
transcript:ATCG00370.1	12	3	11	18	9.85428113978583	0.749624208286772	1.13011853732174	0.663314673222954	0.507129040949076	0.94345310662791	1	37
transcript:ATCG00390.1	276	117	204	231	190.153396011863	-0.0737548657545476	0.402841898775827	-0.18308638197436	0.854730240779531	0.960907910441585	1	161
transcript:ATCG00400.1	1731	1907	1293	1569	1550.56736699671	-0.622166501622937	0.287632729670598	-2.16305878102069	0.0305366588585871	0.94345310662791	1	2
transcript:ATCG00410.1	7	6	5	8	6.10177859277429	-0.257087487613168	1.33625829104539	-0.192393558442987	0.847433937769224	0.960907910441585	1	159
transcript:ATCG00450.1	506	585	635	546	533.622790502736	-0.168883624528234	0.306923384930912	-0.550246846020709	0.582150076419137	0.94345310662791	1	55
transcript:ATCG00460.1	36	43	39	54	40.3516257836319	-0.0414870977946636	0.592326873611683	-0.0700408839154944	0.94416111886333	0.967657138543568	1	174
transcript:ATCG00610.1	5	10	12	18	10.3881218562813	0.701217399077819	1.08157334738195	0.648330879061679	0.51677096604155	0.94345310662791	1	40
transcript:ATCG00620.1	68	63	45	54	54.7030083870029	-0.668835979997525	0.514470209412162	-1.30004802564126	0.193584509512	0.94345310662791	1	9
transcript:ATCG00850.1	0	3	1	0	1.05022350209722	-1.97528357124358	3.60729241324691	-0.547580662989734	0.583979869991762	0.94345310662791	1	56
transcript:ATCG00880.1	0	2	0	1	0.778005633847622	-1.36371758779328	4.04744839107838	-0.336932668690543	0.736167657676805	0.94345310662791	1	109.5
transcript:ATCG00910.1	0	0	1	1	0.425903713541384	2.17581911283941	4.89226977642977	0.444746347252187	0.656503071469304	0.94345310662791	1	82
transcript:ATCG00930.1	191	109	180	185	153.019373769301	0.0442834720787821	0.382323014299035	0.115827377433642	0.907789352489275	0.967657138543568	1	163
transcript:ATCG00940.1	4715	4923	3124	5034	4229.34071099416	-0.509414138072684	0.310166255758717	-1.64239058445147	0.100509084959737	0.94345310662791	1	6
transcript:ATCG00980.1	13	6	3	11	7.73955688171515	-0.656960444487019	1.25978694399118	-0.521485357203083	0.602028703457948	0.94345310662791	1	64
transcript:ATCG00990.1	1	2	5	5	2.92448346860037	1.43865712247053	1.9498687557033	0.737822542292912	0.460622292989606	0.94345310662791	1	31
transcript:ATCG01030.1	0	1	0	0	0.280465084480691	-1.8045702068265	4.98221913843754	-0.362202094425021	0.717201014545506	0.94345310662791	1	100.5
transcript:ATCG01140.1	1	2	7	1	2.47383810636571	1.09558024467502	2.15415550807324	0.50858920842486	0.611040194785292	0.94345310662791	1	65
transcript:ATCG01150.1	6	5	3	11	5.82084867370996	0.100557351857871	1.41138320396405	0.0712473774489048	0.943200875442519	0.967657138543568	1	173
transcript:ATCG01190.1	4803	4801	3116	4931	4191.68962822502	-0.521495603722355	0.304889526299116	-1.71044118849375	0.0871843200061108	0.94345310662791	1	5
transcript:ATCG01200.1	204	105	186	201	159.666141876606	0.0926038400922132	0.39023803567374	0.23730090771991	0.812423357954099	0.94345310662791	1	146
transcript:ATCG01220.1	0	0	2	1	0.634731962196528	2.7522179719648	4.29456325986291	0.640860968957448	0.521613016602486	0.94345310662791	1	41.5
transcript:ATCG01260.1	0	0	0	0	0	NA	NA	NA	1	1	1	435.5
transcript:ATCG01290.1	0	3	0	0	0.841395253442074	-3.41492855087209	4.21997238862785	-0.809230069863673	0.418382821659812	0.94345310662791	1	22
