WT_AGO1.1	WT_AGO1.2	ago1.1	ago1.2	baseMean	log2FC	lfcSE	stat	p.value	q.value	q.value_BH	ranking
transcript:AT1G04187.1	4	3	8	10	6.23572555775845	1.40421287462441	1.07065821246692	1.31154168367974	0.189674820495047	0.994345267776752	1	30
transcript:AT1G04193.1	2	2	0	1	1.2360948850796	-1.92451282439017	3.37925171959908	-0.569508572927056	0.56901105450306	0.994345267776752	1	129
transcript:AT1G03502.1	6	3	6	2	4.15949232749709	-0.168664033814766	1.39360279091491	-0.12102733642205	0.903669383008376	0.994345267776752	1	228
transcript:AT1G03506.1	8	11	2	2	5.60375418562794	-2.20579006757301	1.22068317255949	-1.80701275905031	0.0707602898399231	0.994345267776752	1	16
transcript:AT1G04197.1	3	2	1	1	1.72342857409855	-1.29064093882846	2.60508384644829	-0.495431630958096	0.620295471522746	0.994345267776752	1	142
transcript:AT1G04213.1	2	0	3	1	1.47469679858479	0.975425942202081	3.03602836525107	0.321283540485438	0.747995528564025	0.994345267776752	1	173
transcript:AT1G03743.1	1	0	0	0	0.25	-1.43332458605699	4.99269006486162	-0.287084631218084	0.774047519611568	0.994345267776752	1	192.5
transcript:AT1G03746.1	0	0	0	0	0	NA	NA	NA	1	1	1	270
transcript:AT1G04217.1	16	11	8	8	10.6039307089093	-0.722255274443024	0.754357604151165	-0.957444149125713	0.338343123721981	0.994345267776752	1	68
transcript:AT1G03935.1	14	11	3	8	8.91726226381448	-1.13154921792946	0.871414530975453	-1.29852002429064	0.194108699965503	0.994345267776752	1	31
transcript:AT1G04223.1	7	9	3	3	5.38038445262316	-1.37360119282821	1.17367088073228	-1.17034614675896	0.241861698217093	0.994345267776752	1	43
transcript:AT1G04227.1	2	4	2	1	2.18416141666917	-0.96877253887194	2.25273961173045	-0.430041951509777	0.667165124796846	0.994345267776752	1	155
transcript:AT1G04267.1	7	7	3	1	4.38159383601563	-1.79007959137203	1.40026313449006	-1.27838800242637	0.201112652218161	0.994345267776752	1	34
transcript:AT1G04273.1	4	6	5	1	3.8695616372777	-0.727193070673608	1.49390568891909	-0.486773078158477	0.626419150837231	0.994345267776752	1	146
transcript:AT1G04277.1	3	5	8	8	5.93373324825425	1.04441352590028	1.08393877099625	0.96353553710452	0.335278839145144	0.994345267776752	1	66.5
transcript:AT1G04517.1	0	1	2	0	0.711366954813742	0.983325171808314	4.68542880954297	0.209868767999536	0.833770098890695	0.994345267776752	1	208
transcript:AT1G04527.1	0	0	0	0	0	NA	NA	NA	1	1	1	270
transcript:AT1G04547.1	0	1	0	0	0.236699576775834	-1.39353024685112	4.9954851086804	-0.278957942328695	0.780277101148589	0.994345267776752	1	196.5
transcript:AT1G07702.1	11	30	30	28	24.3264784566257	0.54854085156672	0.51308214595944	1.06910921747428	0.285020458719172	0.994345267776752	1	54
transcript:AT1G12013.1	1	2	2	6	2.77424092075716	1.49372444220816	1.98374427613504	0.752982357745426	0.45146051564921	0.994345267776752	1	92
transcript:AT1G12015.1	0	0	0	0	0	NA	NA	NA	1	1	1	270
transcript:AT1G05137.1	0	1	0	1	0.499395308303765	0.101964829003845	4.98670030331506	0.0204473545234031	0.983686508287436	0.999629011940099	1	240.5
transcript:AT1G05247.1	3	2	1	6	3.03690723173821	0.560372581643843	1.83804174556605	0.304874784805973	0.760461520887784	0.994345267776752	1	182
transcript:AT1G05417.1	13	15	23	24	18.5638660557438	0.788091885127557	0.549238555086234	1.43488085064207	0.15132105339001	0.994345267776752	1	20
transcript:AT1G05423.1	13	8	24	13	14.2546496605247	0.834656479629413	0.652557893413723	1.27905353387587	0.200878204842637	0.994345267776752	1	33
transcript:AT1G05427.1	19	15	26	16	18.6743012705772	0.328652291004984	0.55001687852986	0.597531282827972	0.550152727542841	0.994345267776752	1	123
transcript:AT1G05433.1	6	8	10	9	8.13119508814759	0.479675548553676	0.870605956605895	0.550967455384428	0.581655984432489	0.994345267776752	1	133
transcript:AT1G19373.1	0	0	3	1	0.974696798584794	3.44751663061916	4.03460564209938	0.854486642918901	0.392835407159775	0.994345267776752	1	76
transcript:AT1G19376.1	0	0	0	0	0	NA	NA	NA	1	1	1	270
transcript:AT1G20015.1	2	1	1	2	1.49942472885065	0.0476864073853365	2.77559136289456	0.0171806296931282	0.986292515175237	0.999629011940099	1	243
transcript:AT1G05563.1	16	19	13	26	18.4127189357135	0.21270277672429	0.571737233131416	0.37202890488575	0.709871328506927	0.994345267776752	1	168
transcript:AT1G05907.1	0	0	0	1	0.262695731527931	1.5331070743264	4.9887079456236	0.307315459441022	0.758603269741702	0.994345267776752	1	178.5
transcript:AT1G05917.1	3	8	16	12	9.59328441684511	1.38821844272781	0.834833370221961	1.66286889365565	0.0963386822376714	0.994345267776752	1	17
transcript:AT1G26233.1	0	1	0	3	1.02478677135963	1.70007350203027	4.0268531885106	0.422184128013633	0.672890625700195	0.994345267776752	1	157.5
transcript:AT1G05993.1	1	2	3	0	1.43540022060853	-0.01348815554245	3.06231180414455	-0.00440456635545573	0.996485675871055	0.999629011940099	1	250
transcript:AT1G05997.1	5	2	5	3	3.69815479323023	0.204350688199875	1.51526409019858	0.134861434070608	0.89272143207321	0.994345267776752	1	224
transcript:AT1G06033.1	8	8	5	5	6.3937437169411	-0.640188712129103	1.01530613668133	-0.630537617177855	0.52834289919354	0.994345267776752	1	117
transcript:AT1G06087.1	10	0	1	1	3.00002942054689	-2.31910301635288	2.17695548873664	-1.065296478661	0.286741785799332	0.994345267776752	1	55
transcript:AT1G29071.1	4	0	4	3	2.73742195065961	0.806691760926922	2.09390488331732	0.385257118102185	0.700046928871207	0.994345267776752	1	163
transcript:AT1G06233.1	29	44	25	21	29.1147339656971	-0.626592191289378	0.452447792536897	-1.38489390737447	0.166084910282211	0.994345267776752	1	26
transcript:AT1G06237.1	31	46	33	19	31.4614111683445	-0.53531236149252	0.447981324541383	-1.19494347680797	0.232109114725259	0.994345267776752	1	42
transcript:AT1G06243.1	42	38	30	26	33.4446836077765	-0.481252517894449	0.422389242323288	-1.13935789474039	0.254553910095359	0.994345267776752	1	48
transcript:AT1G06247.1	16	15	16	14	15.0255729173318	-0.0131727287413205	0.605031078540821	-0.0217719869417117	0.982629840070889	0.999629011940099	1	239
transcript:AT1G06253.1	63	102	71	82	78.2850987367711	-0.0584278717432694	0.383713463919051	-0.152269537655826	0.878974350152494	0.994345267776752	1	221
transcript:AT1G06263.1	12	12	0	3	6.6284821158938	-2.93711304446988	1.23804681420735	-2.37237640028204	0.0176740753785455	0.618364267036508	0.704248193013801	7
transcript:AT1G06267.1	3	7	2	2	3.40695587852461	-1.27093021180962	1.65262479441179	-0.769037361721285	0.441871131209769	0.994345267776752	1	89
transcript:AT1G06273.1	2	9	3	3	4.13038445262316	-0.816290524302347	1.43090256903981	-0.57047247098739	0.568357288452805	0.994345267776752	1	128
transcript:AT1G06277.1	1	7	5	2	3.61895694558147	-0.155012989514011	1.60424489311274	-0.0966267620233695	0.923022802914593	0.994345267776752	1	233
transcript:AT1G06283.1	22	35	13	4	17.9206060705123	-1.71996409513095	0.622952906183623	-2.76098574716973	0.00576271912417297	0.48406840643053	0.551300129545881	3
transcript:AT1G06397.1	70	80	77	82	76.2517101818165	0.126442064956094	0.361969073092178	0.349317315636783	0.72685110025772	0.994345267776752	1	171
transcript:AT1G06453.1	18	33	15	14	19.5488316102779	-0.770065946130978	0.549514465347647	-1.40135700639618	0.161107342095976	0.994345267776752	1	23
transcript:AT1G06457.1	2	11	3	6	5.39187080075862	-0.454179194294886	1.21377731406558	-0.374186590103256	0.708265500086449	0.994345267776752	1	167
transcript:AT1G06463.1	16	17	12	11	13.7615501202239	-0.484100250750946	0.638038039533833	-0.758732584509604	0.448012540692264	0.994345267776752	1	90
transcript:AT1G06467.1	0	0	0	4	1.05078292611173	3.54919886578363	4.30020251400716	0.825356213858006	0.409169386011453	0.994345267776752	1	85.5
transcript:AT1G06547.1	9	13	10	9	10.0646929720268	-0.171179615677431	0.764458897771544	-0.22392258913649	0.822817538406431	0.994345267776752	1	204
transcript:AT1G32385.1	6	4	5	4	4.68424967830983	-0.125317000800922	1.24767741991664	-0.100440225013686	0.91999483626869	0.994345267776752	1	231
transcript:AT1G06553.1	2	5	5	7	4.70903644966946	0.836620710851777	1.27415579359097	0.656607861503275	0.511433092657176	0.994345267776752	1	114
transcript:AT1G06667.1	0	0	2	1	0.73736310956584	3.04402467036943	4.54470056891796	0.669796529872192	0.502987506003883	0.994345267776752	1	111.5
transcript:AT1G06673.1	0	0	2	0	0.474667378037908	2.41395753872129	4.89738595852765	0.492907350811905	0.622078053095357	0.994345267776752	1	143.5
transcript:AT1G07393.1	0	0	0	0	0	NA	NA	NA	1	1	1	270
transcript:AT1G07487.1	0	0	0	0	0	NA	NA	NA	1	1	1	270
transcript:AT1G07593.1	0	0	0	1	0.262695731527931	1.5331070743264	4.9887079456236	0.307315459441022	0.758603269741702	0.994345267776752	1	178.5
transcript:AT1G07897.1	37	32	82	55	50.7340141904171	1.01493632832122	0.39175295061341	2.59075605360988	0.00957653495475314	0.572480059312742	0.651991178661734	4
transcript:AT1G07903.1	14	21	32	37	25.7851112274325	1.02561886194048	0.481189037603465	2.13142607539132	0.0330540565941959	0.75723838743067	0.862410385684929	11
transcript:AT1G07957.1	1	0	3	2	1.48739253011273	2.32944551729702	3.11186358931956	0.748569289891777	0.454116847666982	0.994345267776752	1	97
transcript:AT1G08107.1	3	1	4	6	3.51220872201924	1.35983774744016	1.6311554699742	0.833665320364382	0.404469605647789	0.994345267776752	1	84
transcript:AT1G08113.1	0	0	1	2	0.762725152074817	3.08925757050916	4.48453850888415	0.688868556795564	0.490905988133778	0.994345267776752	1	107
transcript:AT1G08117.1	0	0	1	1	0.500029420546885	2.48178748723877	4.89227003445459	0.507287510656686	0.611953100470646	0.994345267776752	1	140.5
transcript:AT1G08123.1	3	0	0	1	1.01269573152793	-1.53711735036217	4.04366578868177	-0.380129672107068	0.703849160912281	0.994345267776752	1	165.5
transcript:AT1G08327.1	0	0	0	1	0.262695731527931	1.5331070743264	4.9887079456236	0.307315459441022	0.758603269741702	0.994345267776752	1	178.5
transcript:AT1G08347.1	0	0	0	0	0	NA	NA	NA	1	1	1	270
transcript:AT1G08353.1	0	0	0	0	0	NA	NA	NA	1	1	1	270
transcript:AT1G08643.1	5	4	17	38	16.2139088184869	2.67041129186943	0.733458453137217	3.64084874943809	0.000271740746954994	0.0684786682326584	0.0779895943760832	1
transcript:AT1G08937.1	4	2	3	2	2.71079168366439	-0.246742793710093	1.92983896722689	-0.127856675038878	0.898262397871095	0.994345267776752	1	227
transcript:AT1G09027.1	75	69	33	68	60.7775922790573	-0.45519183499778	0.418996692451984	-1.08638527033228	0.277308575534619	0.994345267776752	1	52
transcript:AT1G09083.1	16	9	14	13	12.868012347111	0.140302785850502	0.673542441493924	0.208305783284138	0.834990216283802	0.994345267776752	1	210
transcript:AT1G09087.1	10	6	11	6	8.10704242903108	0.104249713867052	0.885146928496651	0.117776733456118	0.906244565230546	0.994345267776752	1	229
transcript:AT1G09333.1	99	180	62	48	94.6800076521659	-1.30143894461949	0.406363911981884	-3.20264400023176	0.00136172201372694	0.171576973729595	0.195407108969816	2
transcript:AT1G74453.1	45	48	42	33	41.2485537644578	-0.277185769659753	0.39429611372448	-0.702988845214539	0.482062701108736	0.994345267776752	1	103
transcript:AT1G74456.1	45	39	33	34	37.2449501038327	-0.289492190458206	0.408807046803657	-0.708138944085384	0.478858977374015	0.994345267776752	1	100
transcript:AT1G09467.1	22	30	30	22	25.5003040674581	0.0347094407434212	0.469166754587498	0.0739810321256426	0.941025478066194	0.999629011940099	1	236
transcript:AT1G09533.1	17	13	12	3	10.9631859608971	-0.992113852413459	0.780307798566095	-1.27143910933171	0.203572476698876	0.994345267776752	1	35
transcript:AT1G75163.1	8	6	16	3	8.00562367954206	0.437561126678962	0.948179415906442	0.461475032402662	0.644457830375347	0.994345267776752	1	150
transcript:AT1G75166.1	18	21	13	15	16.4964650424579	-0.435176194396135	0.58038826804095	-0.749801845349208	0.453374057186993	0.994345267776752	1	96
transcript:AT1G09787.1	0	1	6	4	2.71148463700128	3.3551132052581	2.35422729124523	1.42514413019291	0.154115542394518	0.994345267776752	1	21
transcript:AT1G09867.1	6	10	9	13	9.41804347879203	0.513093208155202	0.810232347496179	0.63326675334648	0.526559460390398	0.994345267776752	1	116
transcript:AT1G09873.1	0	1	2	4	1.76214988092547	2.65472307599645	2.88938965051055	0.91878334080949	0.358208907793923	0.994345267776752	1	72
transcript:AT1G09877.1	10	4	8	5	6.65894647689462	-0.0923784336879456	1.01198220099994	-0.0912846427503041	0.927266420347368	0.994345267776752	1	235
transcript:AT1G09883.1	3	5	8	8	5.93373324825425	1.04441352590028	1.08393877099625	0.96353553710452	0.335278839145144	0.994345267776752	1	66.5
transcript:AT2G05765.1	21	18	21	37	24.2143419178965	0.623105806464437	0.50523007555619	1.2333109935676	0.217459757855724	0.994345267776752	1	39
transcript:AT2G04955.1	47	31	56	75	52.0805533297071	0.789352144028098	0.405436401964576	1.9469197639956	0.0515443547700004	0.927798385860007	1	14
transcript:AT2G04965.1	25	15	25	33	24.4027950175331	0.575308161304448	0.498345871673582	1.15443549150393	0.24832167141953	0.994345267776752	1	46
transcript:AT2G05525.1	0	0	0	0	0	NA	NA	NA	1	1	1	270
transcript:AT2G05565.1	0	0	0	0	0	NA	NA	NA	1	1	1	270
transcript:AT2G06855.1	1	0	1	1	0.750029420546885	1.01370951160362	4.21355542333212	0.240582930508118	0.809878381139358	0.994345267776752	1	201
transcript:AT2G06865.1	0	0	1	4	1.28811661513068	3.84393629915892	3.56709342309287	1.07761021179704	0.281207743075365	0.994345267776752	1	53
transcript:AT2G17295.1	0	0	1	0	0.237333689018954	1.45915889719274	4.99378200519158	0.292195153027463	0.770137417335536	0.994345267776752	1	187.5
transcript:AT2G20721.1	17	17	16	8	14.1727976817159	-0.479317454540305	0.639153868982231	-0.749924983327653	0.453299886680865	0.994345267776752	1	95
transcript:AT2G20722.1	11	8	4	7	7.431801490978	-0.743040225748624	0.942311200797804	-0.788529548539306	0.430387021768099	0.994345267776752	1	88
transcript:AT2G20723.1	9	8	4	11	7.98258441708973	-0.121131041370958	0.912266987561126	-0.132780252955105	0.894367171919315	0.994345267776752	1	225
transcript:AT2G07605.1	0	2	5	4	2.71085052475816	2.22615459808002	2.16185934859954	1.02974071811014	0.303131735885827	0.994345267776752	1	60
transcript:AT2G07615.1	0	3	1	0	0.947432419346455	-1.53150150825253	4.15653242399229	-0.368456528670971	0.712532853687397	0.994345267776752	1	170
transcript:AT2G08370.1	0	0	0	0	0	NA	NA	NA	1	1	1	270
transcript:AT2G08375.1	1	0	0	0	0.25	-1.43332458605699	4.99269006486162	-0.287084631218084	0.774047519611568	0.994345267776752	1	192.5
transcript:AT2G08390.1	0	0	0	0	0	NA	NA	NA	1	1	1	270
transcript:AT2G08580.1	1	0	0	2	0.775391463055863	1.07648391342157	4.53060236269601	0.237602823475551	0.812189160408034	0.994345267776752	1	202
transcript:AT2G08585.1	3	0	2	5	2.53814603567756	1.25913874831814	2.2338955856948	0.563651567414917	0.572991284704223	0.994345267776752	1	132
transcript:AT2G35382.1	0	0	0	0	0	NA	NA	NA	1	1	1	270
transcript:AT2G35384.1	0	0	0	0	0	NA	NA	NA	1	1	1	270
transcript:AT2G35387.1	0	0	1	0	0.237333689018954	1.45915889719274	4.99378200519158	0.292195153027463	0.770137417335536	0.994345267776752	1	187.5
transcript:AT2G08725.1	0	0	1	0	0.237333689018954	1.45915889719274	4.99378200519158	0.292195153027463	0.770137417335536	0.994345267776752	1	187.5
transcript:AT2G35742.1	1	1	1	4	1.77481619190651	1.39836541879229	2.60904117930505	0.535969086990326	0.59197991527734	0.994345267776752	1	136
transcript:AT2G08755.1	0	3	3	2	1.94749126044023	0.794619438884397	2.57691879482624	0.308360294658791	0.757808191129908	0.994345267776752	1	175
transcript:AT2G08760.1	9	8	6	1	5.83029447984832	-1.27571599093334	1.14980153187282	-1.10950973326277	0.267210347911922	0.994345267776752	1	51
transcript:AT2G08765.1	43	42	36	19	34.2266139282981	-0.604622799487626	0.433865506689694	-1.39357194836892	0.163446904324236	0.994345267776752	1	24
transcript:AT2G35744.1	38	36	21	32	31.4114556422218	-0.43487944832453	0.444658528694081	-0.978007662647849	0.328070534256661	0.994345267776752	1	63
transcript:AT2G35747.1	33	61	41	24	38.7240529897733	-0.498325176258834	0.435468379150582	-1.14434296522484	0.252481431453774	0.994345267776752	1	47
transcript:AT2G08770.1	73	74	77	56	68.7514237014353	-0.11471286328973	0.364380958669938	-0.314815745884348	0.752901555704561	0.994345267776752	1	174
transcript:AT2G08860.1	15	6	10	17	12.0093617868194	0.403210834409958	0.733540158229382	0.549677928176731	0.582540298244869	0.994345267776752	1	134
transcript:AT2G08900.1	0	2	2	1	1.21076226311751	0.634781501375716	3.33959279376902	0.19007751560612	0.849248388823097	0.994345267776752	1	214
transcript:AT2G08905.1	0	3	0	0	0.710098730327501	-2.95300688589442	4.85857160215505	-0.607793221486042	0.543324625612941	0.994345267776752	1	122
transcript:AT2G08910.1	1	1	1	0	0.724033265794788	-0.983004184314545	4.26677950430915	-0.230385512849159	0.817792217480137	0.994345267776752	1	203
transcript:AT2G43137.1	1	0	0	0	0.25	-1.43332458605699	4.99269006486162	-0.287084631218084	0.774047519611568	0.994345267776752	1	192.5
transcript:AT2G43138.1	0	0	2	1	0.73736310956584	3.04402467036943	4.54470056891796	0.669796529872192	0.502987506003883	0.994345267776752	1	111.5
transcript:AT2G43139.1	0	1	0	2	0.762091039831696	1.11473228060746	4.56169438322876	0.244368032349079	0.806945797862822	0.994345267776752	1	199.5
transcript:AT2G43141.1	0	0	0	0	0	NA	NA	NA	1	1	1	270
transcript:AT2G09460.1	5	8	11	9	8.11852877716655	0.660189650356911	0.878643392646389	0.751373829112269	0.452427708401814	0.994345267776752	1	93
transcript:AT2G09465.1	18	13	3	18	13.0176187326455	-0.484662383779476	1.16491720007286	-0.416048783337703	0.677374306477621	0.994345267776752	1	160
transcript:AT2G09680.1	3	3	4	1	2.67212921793125	-0.259538982726353	1.97040191312157	-0.131718803660306	0.895206711937846	0.994345267776752	1	226
transcript:AT2G09685.1	13	18	10	6	11.4601036613221	-0.92225426768052	0.726149227322347	-1.27006162504821	0.204062679693289	0.994345267776752	1	36
transcript:AT2G09690.1	26	15	15	12	16.762847765257	-0.576948168602514	0.592644483602048	-0.973514787644469	0.330297514311626	0.994345267776752	1	65
transcript:AT2G09695.1	7	10	13	9	9.56659530875612	0.405417766979235	0.791787699112399	0.512028372546974	0.60863115266955	0.994345267776752	1	139
transcript:AT2G09700.1	24	14	16	12	16.2634818775001	-0.416083109264161	0.599187720385884	-0.694411943215723	0.487423905952058	0.994345267776752	1	105
transcript:AT2G09705.1	1	3	0	0	0.960098730327501	-3.38699243997765	4.06140399752941	-0.833946202357112	0.404311300062541	0.994345267776752	1	82.5
transcript:AT2G09815.1	0	0	0	0	0	NA	NA	NA	1	1	1	270
transcript:AT3G01313.1	2	1	0	0	0.736699576775834	-3.00254340546812	4.5472430893492	-0.660299734689979	0.509061500344414	0.994345267776752	1	113
transcript:AT3G01316.1	2	1	5	1	2.18606375339854	0.986494974244113	2.29331219977169	0.430161656290113	0.667078052095813	0.994345267776752	1	154
transcript:AT3G00985.1	6	1	1	5	3.28751192343444	-0.168707121649402	1.7713638164959	-0.0952413728215008	0.924123108567864	0.994345267776752	1	234
transcript:AT3G01145.1	12	5	1	6	5.99700596206571	-1.22311636094783	1.16680391352465	-1.04826213451159	0.294517850268922	0.994345267776752	1	57
transcript:AT3G01155.1	23	10	12	13	14.3800445458489	-0.371487715314462	0.655005724237078	-0.56715186076756	0.570611010885557	0.994345267776752	1	130
transcript:AT3G02045.1	13	11	5	6	8.61653817879653	-1.08663125643518	0.862245118864926	-1.26023474376479	0.207584692753814	0.994345267776752	1	37
transcript:AT3G02205.1	33	30	37	22	29.9116398905908	-0.0699487747721241	0.446231226251845	-0.15675454933906	0.875438294286353	0.994345267776752	1	220
transcript:AT3G02385.1	0	2	0	0	0.473399153551667	-2.3692038538633	4.89497732120351	-0.484007115538747	0.628380819264566	0.994345267776752	1	147
transcript:AT3G02435.1	7	3	10	8	6.93500147274049	0.870757603674636	0.989638089961965	0.879874787062917	0.378927144637381	0.994345267776752	1	75
transcript:AT3G02445.1	7	7	17	5	8.75504840839271	0.661004879164453	0.875656030110449	0.75486818617703	0.450328076170894	0.994345267776752	1	91
transcript:AT3G13525.1	0	0	0	0	0	NA	NA	NA	1	1	1	270
transcript:AT3G02725.1	1	1	0	0	0.486699576775834	-2.40541664459744	4.89227502825723	-0.491676496252566	0.622948056305413	0.994345267776752	1	145
transcript:AT3G02795.1	3	2	0	1	1.4860948850796	-2.25731223589946	3.1107457261509	-0.725649871322836	0.468053439800943	0.994345267776752	1	98
transcript:AT3G14475.1	9	9	31	20	16.9915551811287	1.52963146347494	0.60424764424227	2.53146450474475	0.0113587313355703	0.572480059312742	0.651991178661734	5
transcript:AT3G03175.1	2	0	0	2	1.02539146305586	0.0672162815359189	3.95243273598344	0.0170063062488005	0.986431584841242	0.999629011940099	1	244
transcript:AT3G03415.1	0	0	0	0	0	NA	NA	NA	1	1	1	270
transcript:AT3G03425.1	0	0	0	1	0.262695731527931	1.5331070743264	4.9887079456236	0.307315459441022	0.758603269741702	0.994345267776752	1	178.5
transcript:AT3G03445.1	0	2	1	1	0.973428574098553	0.0723403880243249	3.71792752379534	0.0194571807979942	0.984476395343295	0.999629011940099	1	242
transcript:AT3G03585.1	4	4	5	1	3.39616248372604	-0.413686774854258	1.64703816098229	-0.251170121406012	0.80168258390167	0.994345267776752	1	198
transcript:AT3G21805.1	1	8	6	10	6.19455606359971	0.90305792849748	1.12383129793217	0.803552926635064	0.421655218538966	0.994345267776752	1	87
transcript:AT3G04155.1	4	9	4	9	6.4438925308097	0.0687313254580257	1.04176094208576	0.0659761013120873	0.947396852379499	0.999629011940099	1	237
transcript:AT3G04165.1	10	11	16	20	14.1549489993961	0.822519601973059	0.639172274556136	1.28685118975826	0.198146160798445	0.994345267776752	1	32
transcript:AT3G04175.1	5	10	18	10	10.5159594853788	0.931371276211301	0.774856966658149	1.20199122713986	0.229366927066225	0.994345267776752	1	41
transcript:AT3G24612.1	0	1	1	0	0.474033265794788	0.0279984250908804	4.99177763474451	0.00560890871740792	0.995524761796499	0.999629011940099	1	249
transcript:AT3G24614.1	0	0	0	0	0	NA	NA	NA	1	1	1	270
transcript:AT3G24615.1	0	0	7	0	1.66133582313268	4.21888052239967	3.45944107569901	1.21952663163867	0.222644374183536	0.994345267776752	1	40
transcript:AT3G04985.1	0	2	2	4	1.9988494577013	1.6735958282386	2.57911297178203	0.648903652747803	0.516400653581388	0.994345267776752	1	115
transcript:AT3G27865.1	9	2	4	2	4.19812537268335	-0.873203821944902	1.43196359063039	-0.609794709627007	0.541997806450728	0.994345267776752	1	121
transcript:AT3G05325.1	5	8	2	7	5.4571341129401	-0.458044897054958	1.16910530685056	-0.391790965596486	0.69521267091329	0.994345267776752	1	162
transcript:AT3G05335.1	3	9	4	13	7.24467545692143	0.583178025323865	1.01244649636409	0.576008734701718	0.564609277641271	0.994345267776752	1	125
transcript:AT3G05355.1	5	21	14	7	11.3822328792534	-0.269034974513541	0.781816855940924	-0.344115085865928	0.730759738075553	0.994345267776752	1	172
transcript:AT3G05715.1	0	5	4	9	4.49709422370637	1.46628928344163	1.46444957085319	1.00125624850801	0.316702939008089	0.994345267776752	1	61
transcript:AT3G07715.1	9	7	8	8	7.90713240180592	0.0348177839147815	0.883523558463962	0.0394078726947739	0.968565203283949	0.999629011940099	1	238
transcript:AT3G47342.1	18	17	7	14	13.8629688697129	-0.685771921154697	0.659292961605799	-1.04016266074554	0.298264335846062	0.994345267776752	1	58
transcript:AT3G07725.1	29	33	21	9	22.4093550867519	-1.02398341207881	0.522548828145194	-1.95959373923673	0.0500432937307326	0.927798385860007	1	13
transcript:AT3G07735.1	26	13	23	10	17.6627266608011	-0.231170543936616	0.600979367224374	-0.384656373486295	0.70049202162625	0.994345267776752	1	164
transcript:AT3G47347.1	29	41	35	29	32.8795379777826	-0.0911850158551744	0.426596301537591	-0.213750132212853	0.830741914831558	0.994345267776752	1	206
transcript:AT3G47348.1	57	48	94	60	63.6826903446976	0.575552417601004	0.379983477700201	1.51467748304336	0.12985409939082	0.994345267776752	1	19
transcript:AT3G08165.1	9	13	19	11	12.7260876362532	0.476744484343788	0.677258445569993	0.703932874462055	0.481474577475655	0.994345267776752	1	102
transcript:AT3G50825.1	22	46	29	21	28.7874678753246	-0.403275847498594	0.473228366440989	-0.852180207478924	0.39411408020013	0.994345267776752	1	78
transcript:AT3G08210.1	0	0	0	0	0	NA	NA	NA	1	1	1	270
transcript:AT3G08275.1	0	1	0	2	0.762091039831696	1.11473228060746	4.56169438322876	0.244368032349079	0.806945797862822	0.994345267776752	1	199.5
transcript:AT3G08485.1	4	8	3	6	5.18177207043112	-0.350449465010374	1.18788865466385	-0.295018782808012	0.767979531351218	0.994345267776752	1	184
transcript:AT3G58193.1	0	0	0	0	0	NA	NA	NA	1	1	1	270
transcript:AT3G58196.1	0	0	0	0	0	NA	NA	NA	1	1	1	270
transcript:AT3G09225.1	1	0	0	4	1.30078292611173	2.08233341966398	3.62869744139185	0.573851486186532	0.566068304642025	0.994345267776752	1	126
transcript:AT3G09865.1	0	2	0	5	1.78687781119132	1.45679280247028	3.01934400228269	0.482486527328092	0.62946036686943	0.994345267776752	1	148
transcript:AT4G03915.1	4	1	0	2	1.7620910398317	-1.24988436791203	2.78748085768884	-0.448392090106886	0.65387024936023	0.994345267776752	1	152
transcript:AT4G03925.1	4	0	3	1	1.97469679858479	-0.0256867318899722	2.59550127531295	-0.00989663620445534	0.992103755666306	0.999629011940099	1	248
transcript:AT4G02555.1	0	0	1	2	0.762725152074817	3.08925757050916	4.48453850888415	0.688868556795564	0.490905988133778	0.994345267776752	1	107
transcript:AT4G04205.1	0	0	0	1	0.262695731527931	1.5331070743264	4.9887079456236	0.307315459441022	0.758603269741702	0.994345267776752	1	178.5
transcript:AT4G04465.1	2	0	4	0	1.44933475607582	0.939357760825179	3.33882440787241	0.281343864208709	0.77844666962072	0.994345267776752	1	195
transcript:AT4G03295.1	3	0	0	1	1.01269573152793	-1.53711735036217	4.04366578868177	-0.380129672107068	0.703849160912281	0.994345267776752	1	165.5
transcript:AT4G04475.1	1	1	1	1	0.986728997322719	0.0385129542540537	3.42459632288734	0.0112459836497117	0.991027192410294	0.999629011940099	1	247
transcript:AT4G04485.1	0	1	1	3	1.26212046037858	2.08151217423534	3.38070460240061	0.615703653243549	0.538090125739784	0.994345267776752	1	120
transcript:AT4G05045.1	0	0	0	0	0	NA	NA	NA	1	1	1	270
transcript:AT4G05055.1	0	0	0	0	0	NA	NA	NA	1	1	1	270
transcript:AT4G05048.1	1	0	0	0	0.25	-1.43332458605699	4.99269006486162	-0.287084631218084	0.774047519611568	0.994345267776752	1	192.5
transcript:AT4G06010.1	1	1	1	2	1.24942472885065	0.644162089057916	3.06388774676663	0.210243371265057	0.833477730571973	0.994345267776752	1	207
transcript:AT4G06015.1	1	0	0	3	1.03808719458379	1.66475430893996	4.00471816266721	0.415698244250779	0.677630826179282	0.994345267776752	1	161
transcript:AT4G13245.1	1	1	0	3	1.27478677135963	0.686190125961297	3.29171916663364	0.20845949828188	0.834870203627341	0.994345267776752	1	209
transcript:AT4G06240.1	9	7	7	7	7.40710298125903	-0.157980468310512	0.920456594036259	-0.171632719385232	0.86372628278767	0.994345267776752	1	217
transcript:AT4G06245.1	2	3	6	0	2.63410086444123	0.244996688086163	2.16870197582839	0.112969274163446	0.910054914905636	0.994345267776752	1	230
transcript:AT4G06250.1	1	5	1	0	1.67083157289812	-2.54077722891617	2.99162522460967	-0.849296632484329	0.395716254211296	0.994345267776752	1	79
transcript:AT4G06255.1	0	9	1	0	2.36762988000146	-3.11201926657494	2.77369032804856	-1.12197790615091	0.261871833969756	0.994345267776752	1	49
transcript:AT4G06305.1	2	8	0	3	3.18168380879046	-1.62940782722221	1.92833952366519	-0.84497973890262	0.39812215153266	0.994345267776752	1	80
transcript:AT4G06310.1	1	2	6	2	2.67279275072125	1.43130189940803	2.02139282947888	0.708077063762527	0.4788974021484	0.994345267776752	1	101
transcript:AT4G06315.1	0	3	3	3	2.21018699196816	1.06933301074953	2.39454603282167	0.446570245922336	0.65518538277313	0.994345267776752	1	153
transcript:AT4G06320.1	0	1	0	3	1.02478677135963	1.70007350203027	4.0268531885106	0.422184128013633	0.672890625700195	0.994345267776752	1	157.5
transcript:AT4G15258.1	6	10	13	5	8.2658123826444	0.191955679082208	0.886404873462344	0.21655530652987	0.828554919361303	0.994345267776752	1	205
transcript:AT4G06705.1	0	14	0	4	4.3645770009734	-1.66111529479725	4.4893844402513	-0.370009589712095	0.711375345149335	0.994345267776752	1	169
transcript:AT4G07075.1	0	0	4	6	2.5255091452434	4.81701147638776	2.53235356185097	1.902187573234	0.0571466368398908	0.960063498910165	1	15
transcript:AT4G25631.1	0	0	1	0	0.237333689018954	1.45915889719274	4.99378200519158	0.292195153027463	0.770137417335536	0.994345267776752	1	187.5
transcript:AT4G26365.1	0	0	1	2	0.762725152074817	3.08925757050916	4.48453850888415	0.688868556795564	0.490905988133778	0.994345267776752	1	107
transcript:AT4G07625.1	2	0	10	2	3.3987283532454	2.55936751639047	1.91381072977169	1.33731485385485	0.181119884433742	0.994345267776752	1	28
transcript:AT4G07635.1	0	0	0	0	0	NA	NA	NA	1	1	1	270
transcript:AT4G08125.1	0	1	2	1	0.974062686341673	1.61265508502736	3.76959699812837	0.427805700669874	0.668792586208228	0.994345267776752	1	156
transcript:AT4G08155.1	2	4	5	2	3.15885821525397	0.24589988006003	1.72197211481196	0.142801313647801	0.886447099574771	0.994345267776752	1	223
transcript:AT4G08165.1	1	2	2	0	1.19806653158958	-0.595849991235477	3.35572782631697	-0.17756207358731	0.859066912045046	0.994345267776752	1	216
transcript:AT4G08175.1	1	4	1	5	2.74761065376194	0.360272259115206	1.9957823792704	0.180516805267572	0.856746862410602	0.994345267776752	1	215
transcript:AT4G08235.1	7	8	5	5	6.1437437169411	-0.545120528540196	1.03937680734492	-0.524468628401187	0.599952634199156	0.994345267776752	1	138
transcript:AT4G08325.1	0	0	0	0	0	NA	NA	NA	1	1	1	270
transcript:AT4G08425.1	37	36	29	23	30.6958635706221	-0.456983649435112	0.434568611008717	-1.05157997577037	0.292992298849114	0.994345267776752	1	56
transcript:AT4G08615.1	1	0	2	0	0.724667378037908	0.94471221403112	4.6518492749775	0.203083152137531	0.839070039988707	0.994345267776752	1	211
transcript:AT4G08625.1	3	4	0	0	1.69679830710333	-4.2075911578272	3.07912701741723	-1.36648833712502	0.171785739055042	0.994345267776752	1	27
transcript:AT4G09475.1	1	3	4	4	2.96021641251504	1.05276493225116	1.83756671657329	0.572912494962015	0.566703943966592	0.994345267776752	1	127
transcript:AT4G39361.1	19	42	17	22	24.5053610315217	-0.59094079452109	0.511520821041275	-1.15526244526693	0.247982969857682	0.994345267776752	1	45
transcript:AT4G09845.1	16	22	16	12	16.1570784917068	-0.404811355545879	0.588071614629311	-0.688370847147673	0.491219277408959	0.994345267776752	1	109
transcript:AT4G39363.1	34	33	22	26	28.3625162117457	-0.440044485845218	0.450238974017161	-0.977357606159714	0.328392143167164	0.994345267776752	1	64
transcript:AT4G39364.1	22	32	21	34	26.9900487981744	0.0809404329879291	0.476822755918119	0.169749517998735	0.865207129413441	0.994345267776752	1	218
transcript:AT4G39366.1	30	29	25	21	25.8142403140596	-0.325465756786299	0.463138587797838	-0.70273945069843	0.482218137359631	0.994345267776752	1	104
transcript:AT5G00750.1	3	1	0	7	2.82556969747135	0.892897225915786	2.13662300461823	0.417901157099695	0.67601938649721	0.994345267776752	1	159
transcript:AT5G00755.1	0	1	1	5	1.78751192343444	2.67637510761997	2.91475202255157	0.918217085677527	0.358505225456788	0.994345267776752	1	73
transcript:AT5G00760.1	4	1	3	7	3.78757076452822	1.04614942281277	1.54862412765737	0.67553475638746	0.499336077158154	0.994345267776752	1	110
transcript:AT5G00765.1	2	1	4	2	2.21142579590751	1.00809541077651	2.23878153964041	0.450287530483403	0.652503129007282	0.994345267776752	1	151
transcript:AT5G01135.1	0	0	0	1	0.262695731527931	1.5331070743264	4.9887079456236	0.307315459441022	0.758603269741702	0.994345267776752	1	178.5
transcript:AT5G01145.1	0	0	2	4	1.52545030414963	4.08917878416428	3.25864199051126	1.25487205899618	0.20952520853583	0.994345267776752	1	38
transcript:AT5G01165.1	3	1	6	5	3.72418036852921	1.48040808925975	1.55780107299292	0.9503190843331	0.341950144661655	0.994345267776752	1	69
transcript:AT5G01195.1	4	2	8	12	6.52441744403848	1.78028673276864	1.08004553010465	1.64834415137679	0.0992820694522292	0.994345267776752	1	18
transcript:AT5G01495.1	1	4	2	0	1.67146568514124	-1.31891884357786	2.85798439840289	-0.461485669521115	0.644450200464083	0.994345267776752	1	149
transcript:AT5G01505.1	3	3	5	1	2.9094629069502	-0.00086465109438003	1.85960630111073	-0.000464964597002915	0.999629011940099	0.999629011940099	1	252
transcript:AT5G01515.1	0	2	0	3	1.26148634813546	0.72109813278862	3.57935396386824	0.201460414384199	0.840338579565203	0.994345267776752	1	212
transcript:AT5G01785.1	4	4	3	9	5.02306095791158	0.651007193021237	1.23102205001808	0.52883471340881	0.596920114643669	0.994345267776752	1	137
transcript:AT5G10572.1	13	6	6	4	7.14498252088045	-0.907917305330491	0.980261624178479	-0.926198968659396	0.35434258843054	0.994345267776752	1	71
transcript:AT5G13225.1	1	3	0	0	0.960098730327501	-3.38699243997765	4.06140399752941	-0.833946202357112	0.404311300062541	0.994345267776752	1	82.5
transcript:AT5G02295.1	0	0	0	0	0	NA	NA	NA	1	1	1	270
transcript:AT5G02305.1	1	0	0	1	0.512695731527931	0.0621518893645663	4.98389897670816	0.0124705355495824	0.990050210109743	0.999629011940099	1	246
transcript:AT5G02315.1	0	1	0	0	0.236699576775834	-1.39353024685112	4.9954851086804	-0.278957942328695	0.780277101148589	0.994345267776752	1	196.5
transcript:AT5G02325.1	2	2	0	2	1.49879061660753	-0.905157153272131	2.98737313633018	-0.302994340500787	0.761894174626633	0.994345267776752	1	183
transcript:AT5G02565.1	10	17	26	34	21.6262235916316	1.20275785122345	0.532380862376363	2.25920564810454	0.0238705956597874	0.618364267036508	0.704248193013801	9
transcript:AT5G02575.1	13	14	23	37	21.7422109888311	1.20342633148042	0.535190305615723	2.24859516110985	0.0245382645649408	0.618364267036508	0.704248193013801	10
transcript:AT5G02655.1	0	1	7	0	1.89803539990851	2.78709438422189	3.05999249250526	0.910817392868849	0.362391596663523	0.994345267776752	1	74
transcript:AT5G02665.1	2	3	4	5	3.47291214404297	0.898579447225758	1.59201372801576	0.564429459000783	0.572461894945482	0.994345267776752	1	131
transcript:AT5G02675.1	2	0	2	0	0.974667378037908	-0.060390709467289	4.04125593708256	-0.014943549828939	0.988077216055067	0.999629011940099	1	245
transcript:AT5G02915.1	0	1	0	1	0.499395308303765	0.101964829003845	4.98670030331506	0.0204473545234031	0.983686508287436	0.999629011940099	1	240.5
transcript:AT5G04425.1	6	6	1	9	5.52179273342534	-0.182765714684811	1.20781497264578	-0.151319298753561	0.879723846367083	0.994345267776752	1	222
transcript:AT5G04545.1	5	13	16	17	12.5902609583639	0.924523939004503	0.702357479259314	1.3163153612025	0.188068217140034	0.994345267776752	1	29
transcript:AT5G04945.1	0	0	0	0	0	NA	NA	NA	1	1	1	270
transcript:AT5G05375.1	0	0	0	0	0	NA	NA	NA	1	1	1	270
transcript:AT5G05385.1	0	0	0	0	0	NA	NA	NA	1	1	1	270
transcript:AT5G06115.1	4	3	0	2	2.23549019338336	-1.72450782142722	2.4150828421558	-0.714057419201343	0.475191674618566	0.994345267776752	1	99
transcript:AT5G41471.1	18	12	33	27	22.2651914101896	1.02903130098666	0.513268220695523	2.0048607326443	0.0449779376531391	0.927798385860007	1	12
transcript:AT5G06305.1	0	0	0	8	2.10156585222345	4.55175524701181	4.810568966514	0.946198937941902	0.344047127765369	0.994345267776752	1	70
transcript:AT5G06565.1	0	0	0	0	0	NA	NA	NA	1	1	1	270
transcript:AT5G44286.1	0	2	3	0	1.18540022060853	0.590806482514361	3.68049294186987	0.160523737403013	0.872468524336027	0.994345267776752	1	219
transcript:AT5G06825.1	3	3	1	4	2.74821534545818	-0.190449928066115	1.9410581263302	-0.0981165507012318	0.921839745379186	0.994345267776752	1	232
transcript:AT5G06835.1	0	0	1	0	0.237333689018954	1.45915889719274	4.99378200519158	0.292195153027463	0.770137417335536	0.994345267776752	1	187.5
transcript:AT5G07095.1	10	6	23	7	11.2177424287865	0.910076201524598	0.778858182520686	1.16847485453544	0.24261527637659	0.994345267776752	1	44
transcript:AT5G07105.1	1	2	3	5	2.74887887824819	1.47821703303106	1.97083945243623	0.750044368760621	0.453227983009069	0.994345267776752	1	94
transcript:AT5G07725.1	4	5	5	9	5.73442791272532	0.694095979873883	1.10599098822096	0.627578332252388	0.530280206686812	0.994345267776752	1	118
transcript:AT5G51174.1	0	3	1	13	4.36247692920956	2.33772837361521	1.65967854058585	1.40854286926552	0.158970382254275	0.994345267776752	1	22
transcript:AT5G07735.1	0	0	0	4	1.05078292611173	3.54919886578363	4.30020251400716	0.825356213858006	0.409169386011453	0.994345267776752	1	85.5
transcript:AT5G52471.1	4	2	3	12	5.33774899894371	1.38728234117056	1.24942639010261	1.11033539243286	0.266854527313242	0.994345267776752	1	50
transcript:AT5G53902.1	25	18	43	44	32.274553197009	1.05211078809158	0.441479771590676	2.38314608232393	0.0171653811408046	0.618364267036508	0.704248193013801	6
transcript:AT5G54075.1	24	22	40	49	33.5728290946951	0.994928112620636	0.434652473131858	2.28901978965345	0.0220782025897028	0.618364267036508	0.704248193013801	8
transcript:AT5G08495.1	9	11	9	22	12.7690046393192	0.694830592815193	0.709047005006076	0.979949972159094	0.327110813952597	0.994345267776752	1	62
transcript:AT5G08515.1	7	15	18	6	11.1486744431463	0.147809279040403	0.766190241962701	0.19291459345889	0.84702585578804	0.994345267776752	1	213
transcript:AT5G08525.1	7	6	5	1	4.6195616372777	-1.11140388414978	1.32353037006004	-0.83972677113511	0.401061600142951	0.994345267776752	1	81
transcript:AT5G08805.1	0	3	3	0	1.42209979738436	0.00829316335502636	3.35069380463967	0.00247505855161785	0.998025191010833	0.999629011940099	1	251
transcript:AT5G58595.1	0	0	1	1	0.500029420546885	2.48178748723877	4.89227003445459	0.507287510656686	0.611953100470646	0.994345267776752	1	140.5
transcript:AT5G08850.1	0	0	0	0	0	NA	NA	NA	1	1	1	270
transcript:AT5G08860.1	0	2	1	8	2.81229869479407	2.28368225038665	2.20852473115571	1.03403064415385	0.301121837510739	0.994345267776752	1	59
transcript:AT5G08865.1	1	2	2	11	4.08771957839682	2.20358122924091	1.58507968987849	1.39020217299601	0.164467493805557	0.994345267776752	1	25
transcript:AT5G09000.1	0	0	0	0	0	NA	NA	NA	1	1	1	270
transcript:AT5G09005.1	0	0	0	0	0	NA	NA	NA	1	1	1	270
transcript:AT5G09020.1	0	0	2	0	0.474667378037908	2.41395753872129	4.89738595852765	0.492907350811905	0.622078053095357	0.994345267776752	1	143.5
transcript:AT5G09130.1	0	0	3	0	0.712001067056862	2.99675883463541	4.86024359847425	0.616586138928545	0.53750773946588	0.994345267776752	1	119
transcript:AT5G09495.1	3	10	5	3	5.0917514074369	-0.658370130249989	1.22155558890664	-0.538960433916287	0.589914155766332	0.994345267776752	1	135
transcript:AT5G09515.1	0	0	0	0	0	NA	NA	NA	1	1	1	270
transcript:AT5G66562.1	1	2	5	2	2.4354590617023	1.24355288002481	2.12883924497046	0.584145976716088	0.559122104287105	0.994345267776752	1	124
transcript:AT5G66564.1	2	2	3	7	3.52427034130405	1.38452977398024	1.62130137990428	0.853962003080506	0.393126042993308	0.994345267776752	1	77
transcript:AT5G66567.1	0	0	1	0	0.237333689018954	1.45915889719274	4.99378200519158	0.292195153027463	0.770137417335536	0.994345267776752	1	187.5
