ago1.1	ago1.2	deltaN.1	deltaN.2	baseMean	log2FC	lfcSE	stat	p.value	q.value	q.value_BH	ranking
transcript:AT1G01270.1	0	0	0	0	0	NA	NA	NA	1	1	1	429
transcript:AT1G01870.1	0	0	0	0	0	NA	NA	NA	1	1	1	429
transcript:AT1G01890.1	0	0	0	0	0	NA	NA	NA	1	1	1	429
transcript:AT1G02480.1	0	0	0	0	0	NA	NA	NA	1	1	1	429
transcript:AT1G02600.1	0	0	0	0	0	NA	NA	NA	1	1	1	429
transcript:AT1G02760.1	0	0	0	0	0	NA	NA	NA	1	1	1	429
transcript:AT1G03515.1	0	0	0	0	0	NA	NA	NA	1	1	1	429
transcript:AT1G03570.1	0	0	0	0	0	NA	NA	NA	1	1	1	429
transcript:AT1G03640.1	0	0	0	0	0	NA	NA	NA	1	1	1	429
transcript:AT1G04320.1	0	0	0	0	0	NA	NA	NA	1	1	1	429
transcript:AT1G04720.1	0	0	0	0	0	NA	NA	NA	1	1	1	429
transcript:AT1G05390.1	0	0	0	0	0	NA	NA	NA	1	1	1	429
transcript:AT1G05980.1	0	0	0	0	0	NA	NA	NA	1	1	1	429
transcript:AT1G06480.1	0	0	0	0	0	NA	NA	NA	1	1	1	429
transcript:AT1G06610.1	0	0	0	0	0	NA	NA	NA	1	1	1	429
transcript:AT1G06860.1	0	0	0	0	0	NA	NA	NA	1	1	1	429
transcript:AT1G06880.1	0	0	0	0	0	NA	NA	NA	1	1	1	429
transcript:AT1G07100.1	0	0	0	0	0	NA	NA	NA	1	1	1	429
transcript:AT1G07580.1	0	0	0	0	0	NA	NA	NA	1	1	1	429
transcript:AT1G07760.1	0	0	0	0	0	NA	NA	NA	1	1	1	429
transcript:AT1G08240.1	0	0	0	0	0	NA	NA	NA	1	1	1	429
transcript:AT1G08870.1	0	0	0	0	0	NA	NA	NA	1	1	1	429
transcript:AT1G08950.1	0	0	0	0	0	NA	NA	NA	1	1	1	429
transcript:AT1G09110.1	0	0	0	0	0	NA	NA	NA	1	1	1	429
transcript:AT1G10440.1	0	0	0	0	0	NA	NA	NA	1	1	1	429
transcript:AT1G11010.1	0	0	0	0	0	NA	NA	NA	1	1	1	429
transcript:AT1G11030.1	0	0	0	0	0	NA	NA	NA	1	1	1	429
transcript:AT1G11550.1	0	0	0	0	0	NA	NA	NA	1	1	1	429
transcript:AT1G11640.1	0	1	0	0	0.245028052117854	-1.27574723716655	4.992982543362	-0.255508050766692	0.798330726314576	0.934743624596198	1	129.5
transcript:AT1G12510.1	0	0	0	0	0	NA	NA	NA	1	1	1	429
transcript:AT1G12590.1	0	0	0	0	0	NA	NA	NA	1	1	1	429
transcript:AT1G13010.1	0	0	0	1	0.280706138634961	1.66454183221973	4.992669256688	0.33339717626798	0.7388344943708	0.934743624596198	1	99.5
transcript:AT1G13240.1	0	0	0	0	0	NA	NA	NA	1	1	1	429
transcript:AT1G13720.1	0	0	0	0	0	NA	NA	NA	1	1	1	429
transcript:AT1G13840.1	0	0	0	0	0	NA	NA	NA	1	1	1	429
transcript:AT1G13850.1	0	0	0	0	0	NA	NA	NA	1	1	1	429
transcript:AT1G15090.1	0	2	0	0	0.490056104235708	-2.28285407015197	4.88984746733851	-0.466855885669274	0.640602988933948	0.934743624596198	1	77
transcript:AT1G15450.1	0	0	0	0	0	NA	NA	NA	1	1	1	429
transcript:AT1G15650.1	0	0	0	0	0	NA	NA	NA	1	1	1	429
transcript:AT1G16100.1	0	0	0	0	0	NA	NA	NA	1	1	1	429
transcript:AT1G16450.1	0	0	0	0	0	NA	NA	NA	1	1	1	429
transcript:AT1G17570.1	0	0	0	0	0	NA	NA	NA	1	1	1	429
transcript:AT1G17660.1	0	0	0	0	0	NA	NA	NA	1	1	1	429
transcript:AT1G17670.1	0	0	0	0	0	NA	NA	NA	1	1	1	429
transcript:AT1G18430.1	0	0	0	0	0	NA	NA	NA	1	1	1	429
transcript:AT1G18820.1	0	0	0	0	0	NA	NA	NA	1	1	1	429
transcript:AT1G20040.1	0	0	0	0	0	NA	NA	NA	1	1	1	429
transcript:AT1G20170.1	0	0	0	0	0	NA	NA	NA	1	1	1	429
transcript:AT1G20210.1	0	0	0	0	0	NA	NA	NA	1	1	1	429
transcript:AT1G20250.1	0	0	0	0	0	NA	NA	NA	1	1	1	429
transcript:AT1G20420.1	0	0	0	0	0	NA	NA	NA	1	1	1	429
transcript:AT1G20820.1	0	0	0	0	0	NA	NA	NA	1	1	1	429
transcript:AT1G21420.1	0	0	0	0	0	NA	NA	NA	1	1	1	429
transcript:AT1G21800.1	0	0	0	0	0	NA	NA	NA	1	1	1	429
transcript:AT1G22320.1	0	0	0	0	0	NA	NA	NA	1	1	1	429
transcript:AT1G24080.1	0	0	0	0	0	NA	NA	NA	1	1	1	429
transcript:AT1G26430.1	0	0	0	0	0	NA	NA	NA	1	1	1	429
transcript:AT1G26490.1	0	0	0	0	0	NA	NA	NA	1	1	1	429
transcript:AT1G28720.1	17	7	3	8	8.71521457921028	-0.905810946464727	1.13786580263313	-0.796061314408602	0.425996398166002	0.934743624596198	1	36
transcript:AT1G28730.1	2	2	0	1	1.23632225038948	-1.78998314930211	2.94646673819575	-0.607501563176714	0.543518105567282	0.934743624596198	1	53
transcript:AT1G28740.1	0	2	0	0	0.490056104235708	-2.28285407015197	4.88984746733851	-0.466855885669274	0.640602988933948	0.934743624596198	1	77
transcript:AT1G28750.1	2	0	0	0	0.46556000751881	-2.21560338183523	4.89480607253726	-0.452643751152077	0.650805289143714	0.934743624596198	1	87
transcript:AT1G28770.1	0	0	0	0	0	NA	NA	NA	1	1	1	429
transcript:AT1G28780.1	0	0	0	0	0	NA	NA	NA	1	1	1	429
transcript:AT1G28790.1	0	2	0	0	0.490056104235708	-2.28285407015197	4.88984746733851	-0.466855885669274	0.640602988933948	0.934743624596198	1	77
transcript:AT1G28800.1	0	0	0	0	0	NA	NA	NA	1	1	1	429
transcript:AT1G28810.1	0	0	0	0	0	NA	NA	NA	1	1	1	429
transcript:AT1G28820.1	1	1	2	1	1.28992022210937	0.768082282310951	2.64295851590536	0.29061458123108	0.77134610697695	0.934743624596198	1	119
transcript:AT1G28830.1	0	1	1	4	1.63355562045627	2.52218884894416	2.72241936097124	0.926451260633247	0.354211515147254	0.934743624596198	1	24
transcript:AT1G28840.1	0	1	2	2	1.33784635698493	2.17875367373128	2.8742745486442	0.758018636305637	0.448439826133844	0.934743624596198	1	40
transcript:AT1G28850.1	0	0	1	2	0.827115291068498	3.2331193862141	3.63929628960307	0.888391361662595	0.374330270400936	0.934743624596198	1	28
transcript:AT1G28860.1	0	0	0	2	0.561412277269922	2.67182112080954	4.66622071600667	0.572587814297835	0.566923812414209	0.934743624596198	1	58
transcript:AT1G28870.1	0	0	0	0	0	NA	NA	NA	1	1	1	429
transcript:AT1G28880.1	0	0	0	0	0	NA	NA	NA	1	1	1	429
transcript:AT1G28890.1	0	1	1	2	1.07214334318635	1.77272843388512	3.13108665272651	0.566170352500929	0.571277981942007	0.934743624596198	1	61
transcript:AT1G28900.1	1	0	0	0	0.232780003759405	-1.23842067337808	4.99560867420355	-0.247901858240631	0.804210342110866	0.934743624596198	1	139.5
transcript:AT1G28910.1	1	0	0	0	0.232780003759405	-1.23842067337808	4.99560867420355	-0.247901858240631	0.804210342110866	0.934743624596198	1	139.5
transcript:AT1G28920.1	2	3	2	2	2.29346246873945	-0.134265984563075	2.00459528405043	-0.0669790982904943	0.946598342974924	0.978170412545091	1	158
transcript:AT1G28930.1	0	1	3	2	1.6035493707835	2.49539299912132	2.70038380097328	0.924088271534557	0.355440359194767	0.934743624596198	1	25
transcript:AT1G28940.1	0	1	0	1	0.525734190752815	0.195212587916357	4.49489365263273	0.0434298568559054	0.965358877818628	0.978170412545091	1	163.5
transcript:AT1G28950.1	1	0	0	1	0.513486142394366	0.230394686669328	4.53487366720348	0.0508050948222789	0.959480831041098	0.978170412545091	1	160
transcript:AT1G28970.1	1	0	0	0	0.232780003759405	-1.23842067337808	4.99560867420355	-0.247901858240631	0.804210342110866	0.934743624596198	1	139.5
transcript:AT1G28980.1	0	0	0	2	0.561412277269922	2.67182112080954	4.66622071600667	0.572587814297835	0.566923812414209	0.934743624596198	1	58
transcript:AT1G28990.1	1	0	2	1	1.04489216999152	1.77654411758133	3.15739613182179	0.562661143363181	0.573665648192492	0.934743624596198	1	62
transcript:AT1G29210.1	0	1	0	0	0.245028052117854	-1.27574723716655	4.992982543362	-0.255508050766692	0.798330726314576	0.934743624596198	1	129.5
transcript:AT1G30430.1	0	0	0	0	0	NA	NA	NA	1	1	1	429
transcript:AT1G30830.1	0	0	0	0	0	NA	NA	NA	1	1	1	429
transcript:AT1G31110.1	0	0	0	0	0	NA	NA	NA	1	1	1	429
transcript:AT1G32620.1	0	0	0	0	0	NA	NA	NA	1	1	1	429
transcript:AT1G33370.1	4	0	0	0	0.93112001503762	-3.21524581307406	3.78945386562201	-0.84847208254541	0.396175113692545	0.934743624596198	1	33
transcript:AT1G36350.1	0	0	0	0	0	NA	NA	NA	1	1	1	429
transcript:AT1G42120.1	0	0	0	0	0	NA	NA	NA	1	1	1	429
transcript:AT1G43820.1	0	0	0	0	0	NA	NA	NA	1	1	1	429
transcript:AT1G45234.1	2	1	1	2	1.53770335070516	0.213053233118981	2.43000891648876	0.0876759059085396	0.930134270160957	0.978170412545091	1	156
transcript:AT1G45238.1	1	1	1	0	0.743511069675835	-0.817037220021654	3.59290353138742	-0.227403049618243	0.820110349150621	0.934743624596198	1	145
transcript:AT1G45240.1	4	0	0	2	1.49253229230754	-0.74425511052454	2.86985430065727	-0.259335503671418	0.795376388205095	0.934743624596198	1	123
transcript:AT1G45242.1	0	0	0	0	0	NA	NA	NA	1	1	1	429
transcript:AT1G45244.1	0	0	0	0	0	NA	NA	NA	1	1	1	429
transcript:AT1G45246.1	0	0	0	0	0	NA	NA	NA	1	1	1	429
transcript:AT1G48080.1	0	0	0	0	0	NA	NA	NA	1	1	1	429
transcript:AT1G49020.1	0	0	0	0	0	NA	NA	NA	1	1	1	429
transcript:AT1G49280.1	0	0	0	0	0	NA	NA	NA	1	1	1	429
transcript:AT1G49460.1	0	0	0	0	0	NA	NA	NA	1	1	1	429
transcript:AT1G49690.1	0	0	0	0	0	NA	NA	NA	1	1	1	429
transcript:AT1G50070.1	0	0	0	0	0	NA	NA	NA	1	1	1	429
transcript:AT1G50100.1	0	0	0	0	0	NA	NA	NA	1	1	1	429
transcript:AT1G52170.1	0	0	0	0	0	NA	NA	NA	1	1	1	429
transcript:AT1G52350.1	0	0	0	0	0	NA	NA	NA	1	1	1	429
transcript:AT1G52860.1	0	2	0	0	0.490056104235708	-2.28285407015197	4.88984746733851	-0.466855885669274	0.640602988933948	0.934743624596198	1	77
transcript:AT1G53220.1	0	0	0	0	0	NA	NA	NA	1	1	1	429
transcript:AT1G53410.1	11	15	11	18	14.2114444703349	0.354301701020847	0.86808914530663	0.408139766447257	0.683171066386463	0.934743624596198	1	93
transcript:AT1G54670.1	0	0	0	0	0	NA	NA	NA	1	1	1	429
transcript:AT1G55625.1	0	0	0	0	0	NA	NA	NA	1	1	1	429
transcript:AT1G56730.1	0	0	0	0	0	NA	NA	NA	1	1	1	429
transcript:AT1G56740.1	0	0	0	0	0	NA	NA	NA	1	1	1	429
transcript:AT1G56750.1	0	0	0	0	0	NA	NA	NA	1	1	1	429
transcript:AT1G56760.1	0	0	0	0	0	NA	NA	NA	1	1	1	429
transcript:AT1G56770.1	0	0	0	0	0	NA	NA	NA	1	1	1	429
transcript:AT1G56780.1	0	0	0	0	0	NA	NA	NA	1	1	1	429
transcript:AT1G56790.1	0	0	0	0	0	NA	NA	NA	1	1	1	429
transcript:AT1G56800.1	0	0	0	0	0	NA	NA	NA	1	1	1	429
transcript:AT1G56810.1	0	0	0	0	0	NA	NA	NA	1	1	1	429
transcript:AT1G56820.1	0	0	0	0	0	NA	NA	NA	1	1	1	429
transcript:AT1G56830.1	0	0	0	0	0	NA	NA	NA	1	1	1	429
transcript:AT1G56840.1	0	0	0	0	0	NA	NA	NA	1	1	1	429
transcript:AT1G56850.1	0	0	0	0	0	NA	NA	NA	1	1	1	429
transcript:AT1G56860.1	0	0	0	0	0	NA	NA	NA	1	1	1	429
transcript:AT1G56870.1	0	0	0	0	0	NA	NA	NA	1	1	1	429
transcript:AT1G56880.1	0	0	0	0	0	NA	NA	NA	1	1	1	429
transcript:AT1G56890.1	0	0	0	0	0	NA	NA	NA	1	1	1	429
transcript:AT1G56900.1	0	0	0	0	0	NA	NA	NA	1	1	1	429
transcript:AT1G56910.1	0	0	0	0	0	NA	NA	NA	1	1	1	429
transcript:AT1G56920.1	0	0	0	0	0	NA	NA	NA	1	1	1	429
transcript:AT1G56930.1	0	0	0	0	0	NA	NA	NA	1	1	1	429
transcript:AT1G56940.1	0	0	0	0	0	NA	NA	NA	1	1	1	429
transcript:AT1G56950.1	0	0	0	0	0	NA	NA	NA	1	1	1	429
transcript:AT1G56960.1	0	0	0	0	0	NA	NA	NA	1	1	1	429
transcript:AT1G56970.1	0	0	0	0	0	NA	NA	NA	1	1	1	429
transcript:AT1G56980.1	0	0	0	0	0	NA	NA	NA	1	1	1	429
transcript:AT1G56990.1	0	0	0	0	0	NA	NA	NA	1	1	1	429
transcript:AT1G57000.1	0	0	0	0	0	NA	NA	NA	1	1	1	429
transcript:AT1G57010.1	0	0	0	0	0	NA	NA	NA	1	1	1	429
transcript:AT1G57020.1	0	0	0	0	0	NA	NA	NA	1	1	1	429
transcript:AT1G57030.1	0	0	0	0	0	NA	NA	NA	1	1	1	429
transcript:AT1G57040.1	0	0	0	0	0	NA	NA	NA	1	1	1	429
transcript:AT1G57050.1	0	0	0	0	0	NA	NA	NA	1	1	1	429
transcript:AT1G57060.1	0	0	0	0	0	NA	NA	NA	1	1	1	429
transcript:AT1G57070.1	0	0	0	0	0	NA	NA	NA	1	1	1	429
transcript:AT1G57080.1	0	0	0	0	0	NA	NA	NA	1	1	1	429
transcript:AT1G57090.1	0	0	0	0	0	NA	NA	NA	1	1	1	429
transcript:AT1G57100.1	0	0	0	0	0	NA	NA	NA	1	1	1	429
transcript:AT1G57110.1	0	0	0	0	0	NA	NA	NA	1	1	1	429
transcript:AT1G57120.1	0	0	0	0	0	NA	NA	NA	1	1	1	429
transcript:AT1G57130.1	0	0	0	0	0	NA	NA	NA	1	1	1	429
transcript:AT1G57140.1	0	0	0	0	0	NA	NA	NA	1	1	1	429
transcript:AT1G57150.1	0	0	0	0	0	NA	NA	NA	1	1	1	429
transcript:AT1G57160.1	0	0	0	0	0	NA	NA	NA	1	1	1	429
transcript:AT1G57170.1	0	0	0	0	0	NA	NA	NA	1	1	1	429
transcript:AT1G57180.1	0	0	0	0	0	NA	NA	NA	1	1	1	429
transcript:AT1G57190.1	0	0	0	0	0	NA	NA	NA	1	1	1	429
transcript:AT1G57200.1	0	0	0	0	0	NA	NA	NA	1	1	1	429
transcript:AT1G57210.1	0	0	0	0	0	NA	NA	NA	1	1	1	429
transcript:AT1G57220.1	0	0	0	0	0	NA	NA	NA	1	1	1	429
transcript:AT1G57230.1	0	0	0	0	0	NA	NA	NA	1	1	1	429
transcript:AT1G57240.1	0	0	0	0	0	NA	NA	NA	1	1	1	429
transcript:AT1G57250.1	0	0	0	0	0	NA	NA	NA	1	1	1	429
transcript:AT1G57260.1	0	0	0	0	0	NA	NA	NA	1	1	1	429
transcript:AT1G57270.1	0	0	0	0	0	NA	NA	NA	1	1	1	429
transcript:AT1G57280.1	0	0	0	0	0	NA	NA	NA	1	1	1	429
transcript:AT1G57290.1	0	0	0	0	0	NA	NA	NA	1	1	1	429
transcript:AT1G57300.1	0	0	0	0	0	NA	NA	NA	1	1	1	429
transcript:AT1G57310.1	0	0	0	0	0	NA	NA	NA	1	1	1	429
transcript:AT1G57320.1	0	0	0	0	0	NA	NA	NA	1	1	1	429
transcript:AT1G57330.1	0	0	0	0	0	NA	NA	NA	1	1	1	429
transcript:AT1G57340.1	0	0	0	0	0	NA	NA	NA	1	1	1	429
transcript:AT1G57350.1	0	0	2	0	0.531406027597152	2.60034249130368	4.77292310071675	0.544811310895243	0.585883298593104	0.934743624596198	1	65.5
transcript:AT1G57360.1	0	0	0	0	0	NA	NA	NA	1	1	1	429
transcript:AT1G57370.1	0	0	0	0	0	NA	NA	NA	1	1	1	429
transcript:AT1G57380.1	0	0	0	0	0	NA	NA	NA	1	1	1	429
transcript:AT1G57390.1	0	0	0	0	0	NA	NA	NA	1	1	1	429
transcript:AT1G57400.1	0	0	0	0	0	NA	NA	NA	1	1	1	429
transcript:AT1G57410.1	0	0	0	0	0	NA	NA	NA	1	1	1	429
transcript:AT1G57420.1	0	0	0	0	0	NA	NA	NA	1	1	1	429
transcript:AT1G57430.1	0	0	0	0	0	NA	NA	NA	1	1	1	429
transcript:AT1G57440.1	0	0	0	0	0	NA	NA	NA	1	1	1	429
transcript:AT1G57450.1	0	0	0	0	0	NA	NA	NA	1	1	1	429
transcript:AT1G57460.1	0	0	0	0	0	NA	NA	NA	1	1	1	429
transcript:AT1G57470.1	0	0	0	0	0	NA	NA	NA	1	1	1	429
transcript:AT1G57480.1	0	0	0	0	0	NA	NA	NA	1	1	1	429
transcript:AT1G57490.1	0	0	0	0	0	NA	NA	NA	1	1	1	429
transcript:AT1G57500.1	0	0	0	0	0	NA	NA	NA	1	1	1	429
transcript:AT1G57510.1	0	0	0	0	0	NA	NA	NA	1	1	1	429
transcript:AT1G57520.1	0	0	0	0	0	NA	NA	NA	1	1	1	429
transcript:AT1G57530.1	0	0	0	0	0	NA	NA	NA	1	1	1	429
transcript:AT1G59570.1	0	0	0	0	0	NA	NA	NA	1	1	1	429
transcript:AT1G59880.1	0	0	0	0	0	NA	NA	NA	1	1	1	429
transcript:AT1G60580.1	0	2	1	0	0.755759118034284	-0.848608355908231	3.84811314298491	-0.220525832889098	0.825461655801912	0.934743624596198	1	146.5
transcript:AT1G60820.1	0	2	0	0	0.490056104235708	-2.28285407015197	4.88984746733851	-0.466855885669274	0.640602988933948	0.934743624596198	1	77
transcript:AT1G60840.1	0	0	0	0	0	NA	NA	NA	1	1	1	429
transcript:AT1G60910.1	0	0	0	0	0	NA	NA	NA	1	1	1	429
transcript:AT1G61020.1	0	0	0	0	0	NA	NA	NA	1	1	1	429
transcript:AT1G61880.1	0	0	0	0	0	NA	NA	NA	1	1	1	429
transcript:AT1G61910.1	0	0	0	0	0	NA	NA	NA	1	1	1	429
transcript:AT1G63510.1	0	0	1	0	0.265703013798576	1.62457339073635	4.99547633640618	0.325208905284314	0.745022969256603	0.934743624596198	1	113
transcript:AT1G63790.1	0	0	0	0	0	NA	NA	NA	1	1	1	429
transcript:AT1G64120.1	0	0	0	0	0	NA	NA	NA	1	1	1	429
transcript:AT1G64420.1	0	0	0	0	0	NA	NA	NA	1	1	1	429
transcript:AT1G65830.1	0	0	0	0	0	NA	NA	NA	1	1	1	429
transcript:AT1G68770.1	29	26	12	18	21.3624961250992	-0.673422746469461	0.719429634516068	-0.936050885535799	0.349246988862373	0.934743624596198	1	23
transcript:AT1G68860.1	0	0	0	0	0	NA	NA	NA	1	1	1	429
transcript:AT1G68950.1	0	0	0	0	0	NA	NA	NA	1	1	1	429
transcript:AT1G68970.1	0	0	0	0	0	NA	NA	NA	1	1	1	429
transcript:AT1G69000.1	0	1	0	0	0.245028052117854	-1.27574723716655	4.992982543362	-0.255508050766692	0.798330726314576	0.934743624596198	1	129.5
transcript:AT1G69130.1	0	0	0	0	0	NA	NA	NA	1	1	1	429
transcript:AT1G69300.1	0	0	1	0	0.265703013798576	1.62457339073635	4.99547633640618	0.325208905284314	0.745022969256603	0.934743624596198	1	113
transcript:AT1G70050.1	0	1	0	0	0.245028052117854	-1.27574723716655	4.992982543362	-0.255508050766692	0.798330726314576	0.934743624596198	1	129.5
transcript:AT1G71700.1	0	2	1	0	0.755759118034284	-0.848608355908231	3.84811314298491	-0.220525832889098	0.825461655801912	0.934743624596198	1	146.5
transcript:AT1G72780.1	0	0	0	0	0	NA	NA	NA	1	1	1	429
transcript:AT1G73900.1	0	0	0	0	0	NA	NA	NA	1	1	1	429
transcript:AT1G74570.1	0	3	0	0	0.735084156353562	-2.86797009881849	4.16818754357207	-0.688061674010159	0.491413944187753	0.934743624596198	1	45.5
transcript:AT1G74610.1	0	0	0	0	0	NA	NA	NA	1	1	1	429
transcript:AT1G75070.1	0	0	0	0	0	NA	NA	NA	1	1	1	429
transcript:AT1G75570.1	0	0	0	0	0	NA	NA	NA	1	1	1	429
transcript:AT1G75650.1	0	0	0	0	0	NA	NA	NA	1	1	1	429
transcript:AT1G75740.1	0	0	0	0	0	NA	NA	NA	1	1	1	429
transcript:AT1G75970.1	0	0	0	0	0	NA	NA	NA	1	1	1	429
transcript:AT1G76000.1	0	0	0	0	0	NA	NA	NA	1	1	1	429
transcript:AT1G76330.1	0	0	0	0	0	NA	NA	NA	1	1	1	429
transcript:AT1G77040.1	0	0	1	0	0.265703013798576	1.62457339073635	4.99547633640618	0.325208905284314	0.745022969256603	0.934743624596198	1	113
transcript:AT1G77190.1	0	0	0	0	0	NA	NA	NA	1	1	1	429
transcript:AT1G77560.1	0	0	0	0	0	NA	NA	NA	1	1	1	429
transcript:AT1G78250.1	0	0	0	0	0	NA	NA	NA	1	1	1	429
transcript:AT1G79240.1	0	0	0	0	0	NA	NA	NA	1	1	1	429
transcript:AT1G79290.1	0	0	0	0	0	NA	NA	NA	1	1	1	429
transcript:AT1G79300.1	0	0	0	0	0	NA	NA	NA	1	1	1	429
transcript:AT1G79980.1	0	0	0	0	0	NA	NA	NA	1	1	1	429
transcript:AT1G80250.1	0	0	0	0	0	NA	NA	NA	1	1	1	429
transcript:AT1G80430.1	0	0	3	1	1.07781518003069	3.61888053490932	3.28760006823004	1.10076665646793	0.27099822717452	0.934743624596198	1	18
transcript:AT2G01160.1	0	0	0	0	0	NA	NA	NA	1	1	1	429
transcript:AT2G02600.1	0	0	0	0	0	NA	NA	NA	1	1	1	429
transcript:AT2G02900.1	0	0	0	0	0	NA	NA	NA	1	1	1	429
transcript:AT2G03490.1	0	0	0	0	0	NA	NA	NA	1	1	1	429
transcript:AT2G03660.1	0	0	0	0	0	NA	NA	NA	1	1	1	429
transcript:AT2G03700.1	0	0	0	0	0	NA	NA	NA	1	1	1	429
transcript:AT2G03790.1	0	0	0	0	0	NA	NA	NA	1	1	1	429
transcript:AT2G07743.1	0	0	0	0	0	NA	NA	NA	1	1	1	429
transcript:AT2G07745.1	0	0	0	0	0	NA	NA	NA	1	1	1	429
transcript:AT2G07746.1	1	2	0	1	1.00354224663007	-1.38329158079494	3.19900224632717	-0.432413444655478	0.665440948256049	0.934743624596198	1	91
transcript:AT2G07748.1	0	0	0	1	0.280706138634961	1.66454183221973	4.992669256688	0.33339717626798	0.7388344943708	0.934743624596198	1	99.5
transcript:AT2G07752.1	0	0	0	0	0	NA	NA	NA	1	1	1	429
transcript:AT2G07753.1	1	0	0	0	0.232780003759405	-1.23842067337808	4.99560867420355	-0.247901858240631	0.804210342110866	0.934743624596198	1	139.5
transcript:AT2G07754.1	9	2	5	10	6.72065259341285	0.670263565653125	1.28300925427104	0.522415222978218	0.601381259125775	0.934743624596198	1	68
transcript:AT2G07755.1	0	0	0	0	0	NA	NA	NA	1	1	1	429
transcript:AT2G07792.1	8	3	1	4	3.98585175476722	-0.91299103374534	1.62996556344256	-0.560129032307321	0.575391429027988	0.934743624596198	1	63
transcript:AT2G07793.1	0	0	0	0	0	NA	NA	NA	1	1	1	429
transcript:AT2G07794.1	0	0	0	0	0	NA	NA	NA	1	1	1	429
transcript:AT2G05315.1	2	1	4	2	2.33481239210089	1.19135202297578	2.03780649628464	0.584624705607657	0.558800091912135	0.934743624596198	1	56
transcript:AT2G07756.1	1	0	0	2	0.794192281029327	1.23679026227229	3.77929339563062	0.327254365512397	0.74347550478584	0.934743624596198	1	106.5
transcript:AT2G07757.1	0	2	0	0	0.490056104235708	-2.28285407015197	4.88984746733851	-0.466855885669274	0.640602988933948	0.934743624596198	1	77
transcript:AT2G07758.1	5	2	2	2	2.74677442789981	-0.600930413928173	1.86813637089538	-0.321673740359839	0.747699873488386	0.934743624596198	1	118
transcript:AT2G05355.1	0	0	0	0	0	NA	NA	NA	1	1	1	429
transcript:AT2G07759.1	7	8	3	2	4.94820576192432	-1.39886495226874	1.44410480015652	-0.968672739067913	0.332708498241591	0.934743624596198	1	22
transcript:AT2G07761.1	0	0	1	1	0.546409152433537	2.63651704309372	4.31271243746358	0.611336155916838	0.540977059528145	0.934743624596198	1	51.5
transcript:AT2G07762.1	1	0	0	1	0.513486142394366	0.230394686669328	4.53487366720348	0.0508050948222789	0.959480831041098	0.978170412545091	1	160
transcript:AT2G07763.1	3	4	1	1	2.22486137218317	-1.61852614574465	2.13128503100502	-0.759413275183292	0.447605374774771	0.934743624596198	1	39
transcript:AT2G07764.1	2	0	1	0	0.731263021317386	-0.785704855317345	3.89554195612491	-0.201693336682459	0.840156472107297	0.934743624596198	1	150.5
transcript:AT2G07765.1	3	1	6	2	3.09899842345745	1.19026825283596	1.81616596023652	0.655374166731413	0.512226879790477	0.934743624596198	1	50
transcript:AT2G07766.1	3	0	0	0	0.698340011278215	-2.80027236922431	4.25287820988325	-0.658441702543178	0.510254345852235	0.934743624596198	1	48.5
transcript:AT2G15950.1	0	0	0	0	0	NA	NA	NA	1	1	1	429
transcript:AT2G16240.1	0	0	0	0	0	NA	NA	NA	1	1	1	429
transcript:AT2G17810.1	1	1	0	0	0.477808055877259	-2.24954226902491	4.547660213517	-0.494659267273004	0.620840658691177	0.934743624596198	1	70.5
transcript:AT2G18310.1	0	0	0	0	0	NA	NA	NA	1	1	1	429
transcript:AT2G21360.1	0	0	0	0	0	NA	NA	NA	1	1	1	429
transcript:AT2G21570.1	0	0	0	0	0	NA	NA	NA	1	1	1	429
transcript:AT2G21670.1	0	0	0	0	0	NA	NA	NA	1	1	1	429
transcript:AT2G21700.1	0	0	0	0	0	NA	NA	NA	1	1	1	429
transcript:AT2G22110.1	0	0	0	0	0	NA	NA	NA	1	1	1	429
transcript:AT2G22220.1	0	0	0	0	0	NA	NA	NA	1	1	1	429
transcript:AT2G22280.1	0	0	0	0	0	NA	NA	NA	1	1	1	429
transcript:AT2G22380.1	2	0	0	0	0.46556000751881	-2.21560338183523	4.89480607253726	-0.452643751152077	0.650805289143714	0.934743624596198	1	87
transcript:AT2G22580.1	0	0	0	0	0	NA	NA	NA	1	1	1	429
transcript:AT2G23020.1	0	0	0	0	0	NA	NA	NA	1	1	1	429
transcript:AT2G23650.1	0	0	0	0	0	NA	NA	NA	1	1	1	429
transcript:AT2G24380.1	0	0	0	0	0	NA	NA	NA	1	1	1	429
transcript:AT2G25400.1	0	0	0	0	0	NA	NA	NA	1	1	1	429
transcript:AT2G26090.1	0	0	0	0	0	NA	NA	NA	1	1	1	429
transcript:AT2G27560.1	0	0	0	0	0	NA	NA	NA	1	1	1	429
transcript:AT2G27850.1	0	0	0	0	0	NA	NA	NA	1	1	1	429
transcript:AT2G28730.1	0	0	0	0	0	NA	NA	NA	1	1	1	429
transcript:AT2G28770.1	0	0	0	0	0	NA	NA	NA	1	1	1	429
transcript:AT2G29030.1	0	0	0	0	0	NA	NA	NA	1	1	1	429
transcript:AT2G29520.1	0	0	0	0	0	NA	NA	NA	1	1	1	429
transcript:AT2G30180.1	0	0	0	0	0	NA	NA	NA	1	1	1	429
transcript:AT2G30190.1	0	0	0	0	0	NA	NA	NA	1	1	1	429
transcript:AT2G30450.1	0	0	0	0	0	NA	NA	NA	1	1	1	429
transcript:AT2G30850.1	0	0	0	0	0	NA	NA	NA	1	1	1	429
transcript:AT2G32110.1	0	0	0	0	0	NA	NA	NA	1	1	1	429
transcript:AT2G33140.1	0	0	0	0	0	NA	NA	NA	1	1	1	429
transcript:AT2G33650.1	0	0	0	0	0	NA	NA	NA	1	1	1	429
transcript:AT2G33660.1	0	0	0	0	0	NA	NA	NA	1	1	1	429
transcript:AT2G33890.1	0	0	0	0	0	NA	NA	NA	1	1	1	429
transcript:AT2G33900.1	0	0	0	2	0.561412277269922	2.67182112080954	4.66622071600667	0.572587814297835	0.566923812414209	0.934743624596198	1	58
transcript:AT2G33910.1	0	0	0	0	0	NA	NA	NA	1	1	1	429
transcript:AT2G33920.1	0	0	0	0	0	NA	NA	NA	1	1	1	429
transcript:AT2G33930.1	1	0	0	0	0.232780003759405	-1.23842067337808	4.99560867420355	-0.247901858240631	0.804210342110866	0.934743624596198	1	139.5
transcript:AT2G33940.1	0	0	0	0	0	NA	NA	NA	1	1	1	429
transcript:AT2G33950.1	0	0	0	0	0	NA	NA	NA	1	1	1	429
transcript:AT2G33960.1	0	0	0	0	0	NA	NA	NA	1	1	1	429
transcript:AT2G33970.1	0	0	0	0	0	NA	NA	NA	1	1	1	429
transcript:AT2G34950.1	0	0	0	0	0	NA	NA	NA	1	1	1	429
transcript:AT2G34985.1	0	0	0	0	0	NA	NA	NA	1	1	1	429
transcript:AT2G35220.1	0	0	0	0	0	NA	NA	NA	1	1	1	429
transcript:AT2G36140.1	0	0	0	0	0	NA	NA	NA	1	1	1	429
transcript:AT2G36150.1	0	0	1	0	0.265703013798576	1.62457339073635	4.99547633640618	0.325208905284314	0.745022969256603	0.934743624596198	1	113
transcript:AT2G36280.1	0	0	0	0	0	NA	NA	NA	1	1	1	429
transcript:AT2G36510.1	0	0	0	0	0	NA	NA	NA	1	1	1	429
transcript:AT2G36520.1	0	0	0	0	0	NA	NA	NA	1	1	1	429
transcript:AT2G36600.1	0	0	0	0	0	NA	NA	NA	1	1	1	429
transcript:AT2G36860.1	0	0	0	0	0	NA	NA	NA	1	1	1	429
transcript:AT2G38030.1	0	0	0	0	0	NA	NA	NA	1	1	1	429
transcript:AT2G39600.1	0	0	0	0	0	NA	NA	NA	1	1	1	429
transcript:AT2G39610.1	0	0	0	0	0	NA	NA	NA	1	1	1	429
transcript:AT2G39860.1	0	2	0	0	0.490056104235708	-2.28285407015197	4.88984746733851	-0.466855885669274	0.640602988933948	0.934743624596198	1	77
transcript:AT2G42020.1	0	0	0	0	0	NA	NA	NA	1	1	1	429
transcript:AT2G42420.1	0	0	0	0	0	NA	NA	NA	1	1	1	429
transcript:AT2G42970.1	0	0	0	0	0	NA	NA	NA	1	1	1	429
transcript:AT2G43300.1	0	0	0	0	0	NA	NA	NA	1	1	1	429
transcript:AT2G44320.1	0	0	0	0	0	NA	NA	NA	1	1	1	429
transcript:AT2G45020.1	0	0	0	0	0	NA	NA	NA	1	1	1	429
transcript:AT2G45390.1	0	0	0	0	0	NA	NA	NA	1	1	1	429
transcript:AT2G46120.1	0	0	0	0	0	NA	NA	NA	1	1	1	429
transcript:AT2G47100.1	0	0	0	0	0	NA	NA	NA	1	1	1	429
transcript:AT2G47740.1	0	0	0	0	0	NA	NA	NA	1	1	1	429
transcript:AT3G01705.1	0	2	0	0	0.490056104235708	-2.28285407015197	4.88984746733851	-0.466855885669274	0.640602988933948	0.934743624596198	1	77
transcript:AT3G02315.1	0	1	0	0	0.245028052117854	-1.27574723716655	4.992982543362	-0.255508050766692	0.798330726314576	0.934743624596198	1	129.5
transcript:AT3G02335.1	1	0	0	0	0.232780003759405	-1.23842067337808	4.99560867420355	-0.247901858240631	0.804210342110866	0.934743624596198	1	139.5
transcript:AT3G02715.1	0	0	0	0	0	NA	NA	NA	1	1	1	429
transcript:AT3G03845.1	0	0	0	0	0	NA	NA	NA	1	1	1	429
transcript:AT3G03852.1	0	0	0	0	0	NA	NA	NA	1	1	1	429
transcript:AT3G04525.1	0	0	0	0	0	NA	NA	NA	1	1	1	429
transcript:AT3G05525.1	0	1	0	1	0.525734190752815	0.195212587916357	4.49489365263273	0.0434298568559054	0.965358877818628	0.978170412545091	1	163.5
transcript:AT3G05755.1	0	1	0	0	0.245028052117854	-1.27574723716655	4.992982543362	-0.255508050766692	0.798330726314576	0.934743624596198	1	129.5
transcript:AT3G05835.1	0	0	0	0	0	NA	NA	NA	1	1	1	429
transcript:AT3G06105.1	0	0	0	0	0	NA	NA	NA	1	1	1	429
transcript:AT3G06335.1	0	0	0	1	0.280706138634961	1.66454183221973	4.992669256688	0.33339717626798	0.7388344943708	0.934743624596198	1	99.5
transcript:AT3G06665.1	0	0	0	0	0	NA	NA	NA	1	1	1	429
transcript:AT3G07025.1	0	0	0	0	0	NA	NA	NA	1	1	1	429
transcript:AT3G07055.1	0	0	0	0	0	NA	NA	NA	1	1	1	429
transcript:AT3G07115.1	0	0	0	0	0	NA	NA	NA	1	1	1	429
transcript:AT3G07185.1	0	0	0	0	0	NA	NA	NA	1	1	1	429
transcript:AT3G09505.1	0	0	0	0	0	NA	NA	NA	1	1	1	429
transcript:AT3G09585.1	0	0	0	0	0	NA	NA	NA	1	1	1	429
transcript:AT3G09595.1	0	0	0	0	0	NA	NA	NA	1	1	1	429
transcript:AT3G10015.1	0	0	0	0	0	NA	NA	NA	1	1	1	429
transcript:AT3G10035.1	0	0	0	0	0	NA	NA	NA	1	1	1	429
transcript:AT3G10415.1	0	0	0	0	0	NA	NA	NA	1	1	1	429
transcript:AT3G11285.1	0	0	0	0	0	NA	NA	NA	1	1	1	429
transcript:AT3G11395.1	0	0	0	1	0.280706138634961	1.66454183221973	4.992669256688	0.33339717626798	0.7388344943708	0.934743624596198	1	99.5
transcript:AT3G11505.1	0	0	0	0	0	NA	NA	NA	1	1	1	429
transcript:AT3G12385.1	0	0	0	0	0	NA	NA	NA	1	1	1	429
transcript:AT3G12585.1	0	2	0	1	0.770762242870669	-0.81478210458014	3.82027286214928	-0.213278510195668	0.83110973432451	0.934743624596198	1	149
transcript:AT3G13223.1	0	0	0	0	0	NA	NA	NA	1	1	1	429
transcript:AT3G13335.1	0	0	0	0	0	NA	NA	NA	1	1	1	429
transcript:AT3G14855.1	1	0	0	0	0.232780003759405	-1.23842067337808	4.99560867420355	-0.247901858240631	0.804210342110866	0.934743624596198	1	139.5
transcript:AT3G15055.1	0	0	0	0	0	NA	NA	NA	1	1	1	429
transcript:AT3G15585.1	0	0	1	0	0.265703013798576	1.62457339073635	4.99547633640618	0.325208905284314	0.745022969256603	0.934743624596198	1	113
transcript:AT3G16552.1	0	0	0	0	0	NA	NA	NA	1	1	1	429
transcript:AT3G18815.1	0	0	0	0	0	NA	NA	NA	1	1	1	429
transcript:AT3G18952.1	0	0	0	0	0	NA	NA	NA	1	1	1	429
transcript:AT3G19235.1	0	0	0	0	0	NA	NA	NA	1	1	1	429
transcript:AT3G20655.1	0	0	0	0	0	NA	NA	NA	1	1	1	429
transcript:AT3G20885.1	0	0	0	0	0	NA	NA	NA	1	1	1	429
transcript:AT3G21475.1	0	0	0	0	0	NA	NA	NA	1	1	1	429
transcript:AT3G25715.1	0	0	0	0	0	NA	NA	NA	1	1	1	429
transcript:AT3G26747.1	0	0	0	0	0	NA	NA	NA	1	1	1	429
transcript:AT3G27555.1	0	0	0	0	0	NA	NA	NA	1	1	1	429
transcript:AT3G27825.1	0	0	0	1	0.280706138634961	1.66454183221973	4.992669256688	0.33339717626798	0.7388344943708	0.934743624596198	1	99.5
transcript:AT3G27845.1	0	0	0	0	0	NA	NA	NA	1	1	1	429
transcript:AT3G28685.1	0	0	0	0	0	NA	NA	NA	1	1	1	429
transcript:AT3G28695.1	0	0	0	0	0	NA	NA	NA	1	1	1	429
transcript:AT3G29095.1	0	0	0	0	0	NA	NA	NA	1	1	1	429
transcript:AT3G30345.1	0	0	0	0	0	NA	NA	NA	1	1	1	429
transcript:AT3G44955.1	0	0	0	0	0	NA	NA	NA	1	1	1	429
transcript:AT3G45935.1	0	0	0	0	0	NA	NA	NA	1	1	1	429
transcript:AT3G45955.1	0	0	0	0	0	NA	NA	NA	1	1	1	429
transcript:AT3G45965.1	0	0	0	0	0	NA	NA	NA	1	1	1	429
transcript:AT3G46585.1	0	0	0	0	0	NA	NA	NA	1	1	1	429
transcript:AT3G46875.1	0	0	0	0	0	NA	NA	NA	1	1	1	429
transcript:AT3G48275.1	0	0	0	0	0	NA	NA	NA	1	1	1	429
transcript:AT3G48515.1	0	0	0	0	0	NA	NA	NA	1	1	1	429
transcript:AT3G48745.1	0	0	0	0	0	NA	NA	NA	1	1	1	429
transcript:AT3G49925.1	0	0	0	0	0	NA	NA	NA	1	1	1	429
transcript:AT3G50505.1	0	0	0	0	0	NA	NA	NA	1	1	1	429
transcript:AT3G50665.1	0	0	0	0	0	NA	NA	NA	1	1	1	429
transcript:AT3G50835.1	0	0	0	0	0	NA	NA	NA	1	1	1	429
transcript:AT3G50895.1	0	0	0	0	0	NA	NA	NA	1	1	1	429
transcript:AT3G51135.1	0	0	1	0	0.265703013798576	1.62457339073635	4.99547633640618	0.325208905284314	0.745022969256603	0.934743624596198	1	113
transcript:AT3G51265.1	0	0	0	0	0	NA	NA	NA	1	1	1	429
transcript:AT3G52285.1	0	0	0	0	0	NA	NA	NA	1	1	1	429
transcript:AT3G52345.1	10	9	1	1	5.07946165908827	-3.05317197849697	1.63578363069633	-1.86648889327574	0.0619729965495269	0.934743624596198	1	4
transcript:AT3G52565.1	2	1	0	0	0.710588059636664	-2.82341624306114	3.85391796725582	-0.732609325639474	0.463796741619635	0.934743624596198	1	42
transcript:AT3G52765.1	0	0	0	0	0	NA	NA	NA	1	1	1	429
transcript:AT3G52955.1	0	0	0	0	0	NA	NA	NA	1	1	1	429
transcript:AT3G53775.1	0	0	0	0	0	NA	NA	NA	1	1	1	429
transcript:AT3G53965.1	0	0	0	0	0	NA	NA	NA	1	1	1	429
transcript:AT3G55735.1	0	0	0	0	0	NA	NA	NA	1	1	1	429
transcript:AT3G55795.1	0	0	0	0	0	NA	NA	NA	1	1	1	429
transcript:AT3G56085.1	0	0	0	0	0	NA	NA	NA	1	1	1	429
transcript:AT3G58035.1	0	0	0	0	0	NA	NA	NA	1	1	1	429
transcript:AT3G58165.1	0	0	0	1	0.280706138634961	1.66454183221973	4.992669256688	0.33339717626798	0.7388344943708	0.934743624596198	1	99.5
transcript:AT3G59415.1	0	0	0	0	0	NA	NA	NA	1	1	1	429
transcript:AT3G59923.1	0	0	0	0	0	NA	NA	NA	1	1	1	429
transcript:AT3G59926.1	0	0	0	0	0	NA	NA	NA	1	1	1	429
transcript:AT3G60075.1	0	0	0	0	0	NA	NA	NA	1	1	1	429
transcript:AT3G60805.1	0	0	1	0	0.265703013798576	1.62457339073635	4.99547633640618	0.325208905284314	0.745022969256603	0.934743624596198	1	113
transcript:AT3G61105.1	0	0	0	0	0	NA	NA	NA	1	1	1	429
transcript:AT3G61545.1	0	0	0	0	0	NA	NA	NA	1	1	1	429
transcript:AT3G61715.1	0	0	0	0	0	NA	NA	NA	1	1	1	429
transcript:AT3G61755.1	0	0	0	0	0	NA	NA	NA	1	1	1	429
transcript:AT3G61825.1	0	0	0	0	0	NA	NA	NA	1	1	1	429
transcript:AT3G62245.1	0	0	0	0	0	NA	NA	NA	1	1	1	429
transcript:AT3G62285.1	0	0	0	0	0	NA	NA	NA	1	1	1	429
transcript:AT3G62735.1	0	0	0	0	0	NA	NA	NA	1	1	1	429
transcript:AT3G63003.1	0	0	0	0	0	NA	NA	NA	1	1	1	429
transcript:AT3G63006.1	0	0	0	0	0	NA	NA	NA	1	1	1	429
transcript:AT4G00085.1	0	0	0	0	0	NA	NA	NA	1	1	1	429
transcript:AT4G00985.1	0	0	0	0	0	NA	NA	NA	1	1	1	429
transcript:AT4G01355.1	0	0	0	0	0	NA	NA	NA	1	1	1	429
transcript:AT4G01865.1	3	3	1	0	1.69912718143035	-2.40000049093154	2.63579700821847	-0.910540714420833	0.362537420088506	0.934743624596198	1	26
transcript:AT4G02055.1	0	0	0	0	0	NA	NA	NA	1	1	1	429
transcript:AT4G03135.1	0	0	0	0	0	NA	NA	NA	1	1	1	429
transcript:AT4G03285.1	0	0	0	0	0	NA	NA	NA	1	1	1	429
transcript:AT4G03405.1	2	0	1	0	0.731263021317386	-0.785704855317345	3.89554195612491	-0.201693336682459	0.840156472107297	0.934743624596198	1	150.5
transcript:AT4G03435.1	0	0	0	0	0	NA	NA	NA	1	1	1	429
transcript:AT4G08345.1	0	0	2	1	0.812112166232114	3.20977548742555	3.6635292049518	0.876143005243977	0.380952296157677	0.934743624596198	1	30
transcript:AT4G10815.1	0	0	0	0	0	NA	NA	NA	1	1	1	429
transcript:AT4G11177.1	0	0	0	0	0	NA	NA	NA	1	1	1	429
transcript:AT4G11213.1	0	0	0	0	0	NA	NA	NA	1	1	1	429
transcript:AT4G11216.1	0	0	0	0	0	NA	NA	NA	1	1	1	429
transcript:AT4G11355.1	0	0	0	0	0	NA	NA	NA	1	1	1	429
transcript:AT4G11405.1	0	0	0	0	0	NA	NA	NA	1	1	1	429
transcript:AT4G11985.1	0	1	0	0	0.245028052117854	-1.27574723716655	4.992982543362	-0.255508050766692	0.798330726314576	0.934743624596198	1	129.5
transcript:AT4G12065.1	3	1	1	0	1.20907107719465	-1.80004089376412	2.99296960008334	-0.601423046099098	0.547558252642216	0.934743624596198	1	54
transcript:AT4G12115.1	0	0	0	0	0	NA	NA	NA	1	1	1	429
transcript:AT4G12405.1	0	0	0	0	0	NA	NA	NA	1	1	1	429
transcript:AT4G13265.1	0	0	0	0	0	NA	NA	NA	1	1	1	429
transcript:AT4G13445.1	0	0	0	0	0	NA	NA	NA	1	1	1	429
transcript:AT4G14345.1	0	0	0	0	0	NA	NA	NA	1	1	1	429
transcript:AT4G14415.1	0	0	1	0	0.265703013798576	1.62457339073635	4.99547633640618	0.325208905284314	0.745022969256603	0.934743624596198	1	113
transcript:AT4G15775.1	0	0	0	0	0	NA	NA	NA	1	1	1	429
transcript:AT4G16105.1	0	0	0	0	0	NA	NA	NA	1	1	1	429
transcript:AT4G16235.1	3	0	0	0	0.698340011278215	-2.80027236922431	4.25287820988325	-0.658441702543178	0.510254345852235	0.934743624596198	1	48.5
transcript:AT4G16465.1	0	0	0	0	0	NA	NA	NA	1	1	1	429
transcript:AT4G16475.1	0	0	0	0	0	NA	NA	NA	1	1	1	429
transcript:AT4G17612.1	0	0	0	0	0	NA	NA	NA	1	1	1	429
transcript:AT4G17765.1	0	0	0	0	0	NA	NA	NA	1	1	1	429
transcript:AT4G17975.1	0	0	0	1	0.280706138634961	1.66454183221973	4.992669256688	0.33339717626798	0.7388344943708	0.934743624596198	1	99.5
transcript:AT4G18255.1	0	0	0	0	0	NA	NA	NA	1	1	1	429
transcript:AT4G18725.1	0	0	0	0	0	NA	NA	NA	1	1	1	429
transcript:AT4G18815.1	0	0	2	0	0.531406027597152	2.60034249130368	4.77292310071675	0.544811310895243	0.585883298593104	0.934743624596198	1	65.5
transcript:AT4G20115.1	1	0	0	0	0.232780003759405	-1.23842067337808	4.99560867420355	-0.247901858240631	0.804210342110866	0.934743624596198	1	139.5
transcript:AT4G22265.1	0	0	0	1	0.280706138634961	1.66454183221973	4.992669256688	0.33339717626798	0.7388344943708	0.934743624596198	1	99.5
transcript:AT4G22635.1	0	0	0	0	0	NA	NA	NA	1	1	1	429
transcript:AT4G22754.1	0	0	0	0	0	NA	NA	NA	1	1	1	429
transcript:AT4G23635.1	0	0	0	0	0	NA	NA	NA	1	1	1	429
transcript:AT4G23915.1	0	0	0	0	0	NA	NA	NA	1	1	1	429
transcript:AT4G24025.1	0	0	0	0	0	NA	NA	NA	1	1	1	429
transcript:AT4G24565.1	0	0	0	0	0	NA	NA	NA	1	1	1	429
transcript:AT4G25435.1	0	0	0	0	0	NA	NA	NA	1	1	1	429
transcript:AT4G25585.1	0	0	0	0	0	NA	NA	NA	1	1	1	429
transcript:AT4G25635.1	0	0	0	0	0	NA	NA	NA	1	1	1	429
transcript:AT4G26225.1	0	0	0	0	0	NA	NA	NA	1	1	1	429
transcript:AT4G26375.1	0	0	0	0	0	NA	NA	NA	1	1	1	429
transcript:AT4G26385.1	0	0	0	0	0	NA	NA	NA	1	1	1	429
transcript:AT4G26675.1	0	0	0	0	0	NA	NA	NA	1	1	1	429
transcript:AT4G27395.1	1	0	0	0	0.232780003759405	-1.23842067337808	4.99560867420355	-0.247901858240631	0.804210342110866	0.934743624596198	1	139.5
transcript:AT4G27875.1	0	0	0	0	0	NA	NA	NA	1	1	1	429
transcript:AT4G27885.1	0	0	0	0	0	NA	NA	NA	1	1	1	429
transcript:AT4G28362.1	0	0	0	0	0	NA	NA	NA	1	1	1	429
transcript:AT4G28915.1	0	0	0	0	0	NA	NA	NA	1	1	1	429
transcript:AT4G29415.1	0	0	0	0	0	NA	NA	NA	1	1	1	429
transcript:AT4G31075.1	0	0	0	0	0	NA	NA	NA	1	1	1	429
transcript:AT4G31265.1	0	0	0	0	0	NA	NA	NA	1	1	1	429
transcript:AT4G31695.1	0	0	0	0	0	NA	NA	NA	1	1	1	429
transcript:AT4G31895.1	0	0	0	0	0	NA	NA	NA	1	1	1	429
transcript:AT4G32265.1	0	0	0	0	0	NA	NA	NA	1	1	1	429
transcript:AT4G32475.1	0	1	0	0	0.245028052117854	-1.27574723716655	4.992982543362	-0.255508050766692	0.798330726314576	0.934743624596198	1	129.5
transcript:AT4G32765.1	0	0	0	0	0	NA	NA	NA	1	1	1	429
transcript:AT4G34035.1	0	0	0	0	0	NA	NA	NA	1	1	1	429
transcript:AT4G34415.1	0	2	0	0	0.490056104235708	-2.28285407015197	4.88984746733851	-0.466855885669274	0.640602988933948	0.934743624596198	1	77
transcript:AT4G34695.1	0	0	0	0	0	NA	NA	NA	1	1	1	429
transcript:AT4G34975.1	0	0	0	0	0	NA	NA	NA	1	1	1	429
transcript:AT4G36197.1	0	0	0	0	0	NA	NA	NA	1	1	1	429
transcript:AT4G36245.1	0	0	0	0	0	NA	NA	NA	1	1	1	429
transcript:AT4G36635.1	0	0	0	0	0	NA	NA	NA	1	1	1	429
transcript:AT4G37175.1	0	0	0	1	0.280706138634961	1.66454183221973	4.992669256688	0.33339717626798	0.7388344943708	0.934743624596198	1	99.5
transcript:AT4G39195.1	0	0	0	0	0	NA	NA	NA	1	1	1	429
transcript:AT4G39345.1	0	0	2	0	0.531406027597152	2.60034249130368	4.77292310071675	0.544811310895243	0.585883298593104	0.934743624596198	1	65.5
transcript:AT4G39615.1	0	0	0	0	0	NA	NA	NA	1	1	1	429
transcript:AT4G39672.1	0	1	0	0	0.245028052117854	-1.27574723716655	4.992982543362	-0.255508050766692	0.798330726314576	0.934743624596198	1	129.5
transcript:AT4G39865.1	0	0	0	0	0	NA	NA	NA	1	1	1	429
transcript:AT4G39985.1	0	0	0	0	0	NA	NA	NA	1	1	1	429
transcript:AT5G01365.1	0	0	0	0	0	NA	NA	NA	1	1	1	429
transcript:AT5G02025.1	0	0	0	0	0	NA	NA	NA	1	1	1	429
transcript:AT5G02385.1	0	0	0	0	0	NA	NA	NA	1	1	1	429
transcript:AT5G02435.1	0	0	0	0	0	NA	NA	NA	1	1	1	429
transcript:AT5G02505.1	0	0	0	0	0	NA	NA	NA	1	1	1	429
transcript:AT5G02615.1	0	0	0	0	0	NA	NA	NA	1	1	1	429
transcript:AT5G02725.1	0	0	0	0	0	NA	NA	NA	1	1	1	429
transcript:AT5G02815.1	0	0	0	0	0	NA	NA	NA	1	1	1	429
transcript:AT5G03445.1	0	0	0	0	0	NA	NA	NA	1	1	1	429
transcript:AT5G03452.1	0	0	0	0	0	NA	NA	NA	1	1	1	429
transcript:AT5G03705.1	0	0	0	0	0	NA	NA	NA	1	1	1	429
transcript:AT5G03745.1	0	0	0	0	0	NA	NA	NA	1	1	1	429
transcript:AT5G03775.1	0	0	0	0	0	NA	NA	NA	1	1	1	429
transcript:AT5G05795.1	0	0	0	0	0	NA	NA	NA	1	1	1	429
transcript:AT5G05945.1	0	1	0	0	0.245028052117854	-1.27574723716655	4.992982543362	-0.255508050766692	0.798330726314576	0.934743624596198	1	129.5
transcript:AT5G05985.1	0	0	0	0	0	NA	NA	NA	1	1	1	429
transcript:AT5G06125.1	0	0	0	0	0	NA	NA	NA	1	1	1	429
transcript:AT5G06685.1	0	0	0	0	0	NA	NA	NA	1	1	1	429
transcript:AT5G07135.1	0	0	0	0	0	NA	NA	NA	1	1	1	429
transcript:AT5G07315.1	0	0	0	0	0	NA	NA	NA	1	1	1	429
transcript:AT5G07625.1	0	0	0	0	0	NA	NA	NA	1	1	1	429
transcript:AT5G07675.1	0	0	0	0	0	NA	NA	NA	1	1	1	429
transcript:AT5G08075.1	0	0	0	0	0	NA	NA	NA	1	1	1	429
transcript:AT5G09345.1	0	0	0	0	0	NA	NA	NA	1	1	1	429
transcript:AT5G09655.1	0	0	0	0	0	NA	NA	NA	1	1	1	429
transcript:AT5G09755.1	0	0	0	0	0	NA	NA	NA	1	1	1	429
transcript:AT5G09975.1	0	0	0	0	0	NA	NA	NA	1	1	1	429
transcript:AT5G10235.1	0	0	0	0	0	NA	NA	NA	1	1	1	429
transcript:AT5G10455.1	0	0	0	0	0	NA	NA	NA	1	1	1	429
transcript:AT5G10525.1	0	0	0	0	0	NA	NA	NA	1	1	1	429
transcript:AT5G11225.1	0	0	0	0	0	NA	NA	NA	1	1	1	429
transcript:AT5G11325.1	0	0	0	0	0	NA	NA	NA	1	1	1	429
transcript:AT5G11475.1	0	0	0	0	0	NA	NA	NA	1	1	1	429
transcript:AT5G13845.1	0	0	0	0	0	NA	NA	NA	1	1	1	429
transcript:AT5G14035.1	0	0	0	0	0	NA	NA	NA	1	1	1	429
transcript:AT5G14495.1	0	0	0	0	0	NA	NA	NA	1	1	1	429
transcript:AT5G15175.1	0	0	0	0	0	NA	NA	NA	1	1	1	429
transcript:AT5G15805.1	0	0	0	0	0	NA	NA	NA	1	1	1	429
transcript:AT5G15815.1	0	0	0	0	0	NA	NA	NA	1	1	1	429
transcript:AT5G16375.1	0	0	0	0	0	NA	NA	NA	1	1	1	429
transcript:AT5G18005.1	0	0	0	0	0	NA	NA	NA	1	1	1	429
transcript:AT5G18015.1	0	0	0	0	0	NA	NA	NA	1	1	1	429
transcript:AT5G18085.1	0	0	0	0	0	NA	NA	NA	1	1	1	429
transcript:AT5G18755.1	0	0	0	0	0	NA	NA	NA	1	1	1	429
transcript:AT5G19095.1	0	0	0	0	0	NA	NA	NA	1	1	1	429
transcript:AT5G20852.1	0	0	0	0	0	NA	NA	NA	1	1	1	429
transcript:AT5G20854.1	0	0	0	0	0	NA	NA	NA	1	1	1	429
transcript:AT5G20856.1	0	0	0	0	0	NA	NA	NA	1	1	1	429
transcript:AT5G20858.1	0	0	0	0	0	NA	NA	NA	1	1	1	429
transcript:AT5G21378.1	0	0	0	0	0	NA	NA	NA	1	1	1	429
transcript:AT5G22315.1	0	0	0	0	0	NA	NA	NA	1	1	1	429
transcript:AT5G23665.1	0	0	0	0	0	NA	NA	NA	1	1	1	429
transcript:AT5G25585.1	0	0	0	0	0	NA	NA	NA	1	1	1	429
transcript:AT5G25625.1	0	0	0	0	0	NA	NA	NA	1	1	1	429
transcript:AT5G27715.1	2	0	0	0	0.46556000751881	-2.21560338183523	4.89480607253726	-0.452643751152077	0.650805289143714	0.934743624596198	1	87
transcript:AT5G32017.1	0	0	0	0	0	NA	NA	NA	1	1	1	429
transcript:AT5G35605.1	0	0	0	0	0	NA	NA	NA	1	1	1	429
transcript:AT5G37795.1	0	0	0	0	0	NA	NA	NA	1	1	1	429
transcript:AT5G38155.1	0	0	0	0	0	NA	NA	NA	1	1	1	429
transcript:AT5G38905.1	0	0	0	0	0	NA	NA	NA	1	1	1	429
transcript:AT5G39535.1	0	0	0	0	0	NA	NA	NA	1	1	1	429
transcript:AT5G39895.1	0	0	0	0	0	NA	NA	NA	1	1	1	429
transcript:AT5G40545.1	0	0	0	0	0	NA	NA	NA	1	1	1	429
transcript:AT5G40945.1	0	0	0	0	0	NA	NA	NA	1	1	1	429
transcript:AT5G41265.1	0	0	0	0	0	NA	NA	NA	1	1	1	429
transcript:AT5G41605.1	0	0	0	0	0	NA	NA	NA	1	1	1	429
transcript:AT5G41675.1	0	0	0	0	0	NA	NA	NA	1	1	1	429
transcript:AT5G43455.1	0	0	2	1	0.812112166232114	3.20977548742555	3.6635292049518	0.876143005243977	0.380952296157677	0.934743624596198	1	30
transcript:AT5G43535.1	0	0	0	0	0	NA	NA	NA	1	1	1	429
transcript:AT5G44283.1	0	0	0	0	0	NA	NA	NA	1	1	1	429
transcript:AT5G44375.1	0	0	0	0	0	NA	NA	NA	1	1	1	429
transcript:AT5G44705.1	0	0	0	0	0	NA	NA	NA	1	1	1	429
transcript:AT5G45715.1	0	0	0	0	0	NA	NA	NA	1	1	1	429
transcript:AT5G45745.1	0	0	0	0	0	NA	NA	NA	1	1	1	429
transcript:AT5G46105.1	0	3	0	0	0.735084156353562	-2.86797009881849	4.16818754357207	-0.688061674010159	0.491413944187753	0.934743624596198	1	45.5
transcript:AT5G46325.1	0	0	0	0	0	NA	NA	NA	1	1	1	429
transcript:AT5G46595.1	0	0	0	0	0	NA	NA	NA	1	1	1	429
transcript:AT5G48465.1	0	0	0	0	0	NA	NA	NA	1	1	1	429
transcript:AT5G48675.1	0	0	0	0	0	NA	NA	NA	1	1	1	429
transcript:AT5G48835.1	0	0	0	0	0	NA	NA	NA	1	1	1	429
transcript:AT5G49435.1	0	0	0	0	0	NA	NA	NA	1	1	1	429
transcript:AT5G50805.1	0	0	0	0	0	NA	NA	NA	1	1	1	429
transcript:AT5G50995.1	0	0	0	0	0	NA	NA	NA	1	1	1	429
transcript:AT5G51055.1	0	0	0	0	0	NA	NA	NA	1	1	1	429
transcript:AT5G52355.1	0	0	0	0	0	NA	NA	NA	1	1	1	429
transcript:AT5G52495.1	0	0	0	0	0	NA	NA	NA	1	1	1	429
transcript:AT5G52815.1	0	0	0	0	0	NA	NA	NA	1	1	1	429
transcript:AT5G53487.1	0	0	0	0	0	NA	NA	NA	1	1	1	429
transcript:AT5G54365.1	0	0	0	0	0	NA	NA	NA	1	1	1	429
transcript:AT5G54375.1	0	0	0	0	0	NA	NA	NA	1	1	1	429
transcript:AT5G54865.1	0	0	0	0	0	NA	NA	NA	1	1	1	429
transcript:AT5G55045.1	0	0	0	0	0	NA	NA	NA	1	1	1	429
transcript:AT5G55055.1	0	0	0	0	0	NA	NA	NA	1	1	1	429
transcript:AT5G55505.1	0	0	0	0	0	NA	NA	NA	1	1	1	429
transcript:AT5G56365.1	0	0	0	0	0	NA	NA	NA	1	1	1	429
transcript:AT5G56745.1	1	0	0	0	0.232780003759405	-1.23842067337808	4.99560867420355	-0.247901858240631	0.804210342110866	0.934743624596198	1	139.5
transcript:AT5G56975.1	0	0	2	0	0.531406027597152	2.60034249130368	4.77292310071675	0.544811310895243	0.585883298593104	0.934743624596198	1	65.5
transcript:AT5G57885.1	0	0	0	0	0	NA	NA	NA	1	1	1	429
transcript:AT5G58495.1	0	0	0	0	0	NA	NA	NA	1	1	1	429
transcript:AT5G59055.1	0	0	0	1	0.280706138634961	1.66454183221973	4.992669256688	0.33339717626798	0.7388344943708	0.934743624596198	1	99.5
transcript:AT5G59385.1	0	0	1	1	0.546409152433537	2.63651704309372	4.31271243746358	0.611336155916838	0.540977059528145	0.934743624596198	1	51.5
transcript:AT5G59395.1	0	0	0	0	0	NA	NA	NA	1	1	1	429
transcript:AT5G59945.1	0	0	0	0	0	NA	NA	NA	1	1	1	429
transcript:AT5G60285.1	10	2	6	2	4.97348650189114	-0.386137897605034	1.48256843104128	-0.260451989614963	0.794515144338658	0.934743624596198	1	122
transcript:AT5G60963.1	0	0	0	0	0	NA	NA	NA	1	1	1	429
transcript:AT5G60966.1	0	0	0	0	0	NA	NA	NA	1	1	1	429
transcript:AT5G61345.1	0	0	0	0	0	NA	NA	NA	1	1	1	429
transcript:AT5G61445.1	0	0	0	0	0	NA	NA	NA	1	1	1	429
transcript:AT5G61835.1	0	0	0	0	0	NA	NA	NA	1	1	1	429
transcript:AT5G63145.1	0	0	0	0	0	NA	NA	NA	1	1	1	429
transcript:AT5G64505.1	0	0	0	0	0	NA	NA	NA	1	1	1	429
transcript:AT5G64735.1	0	0	0	0	0	NA	NA	NA	1	1	1	429
transcript:AT5G64855.1	0	0	0	0	0	NA	NA	NA	1	1	1	429
transcript:AT5G65015.1	0	2	0	0	0.490056104235708	-2.28285407015197	4.88984746733851	-0.466855885669274	0.640602988933948	0.934743624596198	1	77
transcript:AT5G65305.1	0	0	0	0	0	NA	NA	NA	1	1	1	429
transcript:AT5G65445.1	0	2	0	0	0.490056104235708	-2.28285407015197	4.88984746733851	-0.466855885669274	0.640602988933948	0.934743624596198	1	77
transcript:AT5G65535.1	0	0	0	0	0	NA	NA	NA	1	1	1	429
transcript:AT5G65615.1	0	0	0	0	0	NA	NA	NA	1	1	1	429
transcript:AT5G66535.1	0	0	0	0	0	NA	NA	NA	1	1	1	429
transcript:AT5G66568.1	0	0	0	0	0	NA	NA	NA	1	1	1	429
transcript:AT5G66755.1	0	0	0	0	0	NA	NA	NA	1	1	1	429
transcript:AT5G66817.1	0	0	0	0	0	NA	NA	NA	1	1	1	429
transcript:AT5G67455.1	4	1	0	1	1.45685420579044	-2.0936802581167	2.81503207106786	-0.743750055153893	0.457027700876501	0.934743624596198	1	41
transcript:ATMG00100.1	2	2	1	1	1.50202526418806	-0.806607362427581	2.46835583242097	-0.326779207370786	0.743834886943377	0.934743624596198	1	108
transcript:ATMG09450.1	39	25	26	34	31.6564085219148	0.111367474130609	0.607810701230332	0.183227234902542	0.854619725728315	0.938405973348738	1	153
transcript:ATMG00190.1	1	0	1	0	0.498483017557981	0.192729540738647	4.58588240797978	0.0420267079686306	0.966477407041618	0.978170412545091	1	165
transcript:ATMG00230.1	2	0	0	0	0.46556000751881	-2.21560338183523	4.89480607253726	-0.452643751152077	0.650805289143714	0.934743624596198	1	87
transcript:ATMG00250.1	2	5	0	2	2.252112545378	-1.60227581125615	2.2501655923099	-0.712070176849226	0.476421320837876	0.934743624596198	1	43
transcript:ATMG00330.1	7	3	4	5	4.83088693103851	0.056677467475519	1.42741598597858	0.039706342112081	0.9683272453918	0.978170412545091	1	166
transcript:ATMG00340.1	2	1	1	1	1.2569972120702	-0.38170171529449	2.66501362009824	-0.143226928528951	0.886110963177089	0.966666505284097	1	154
transcript:ATMG00350.1	1	4	0	1	1.49359835086578	-2.13231802167399	2.79597666752415	-0.762637988521617	0.445679322378337	0.934743624596198	1	37.5
transcript:ATMG00360.1	3	2	0	0	1.18839611551392	-3.56482599339725	3.13294663745789	-1.13785084966841	0.255182767685185	0.934743624596198	1	17
transcript:ATMG00380.1	1	4	0	1	1.49359835086578	-2.13231802167399	2.79597666752415	-0.762637988521617	0.445679322378337	0.934743624596198	1	37.5
transcript:ATMG00390.1	0	0	1	7	2.2306459842433	4.66291526543806	2.58733395201067	1.80220850957969	0.0715126063740479	0.934743624596198	1	5
transcript:ATMG00420.1	0	0	0	0	0	NA	NA	NA	1	1	1	429
transcript:ATMG00460.1	0	0	0	3	0.842118415904883	3.25690531582308	3.94866970311692	0.824810774436821	0.409479028696695	0.934743624596198	1	34
transcript:ATMG09730.1	24	20	17	19	20.3376490012229	-0.0915531690725334	0.721773867879122	-0.126844671367163	0.899063338630798	0.974468650903059	1	155
transcript:ATMG09740.1	0	0	5	1	1.60922120762784	4.19780461292413	2.857637442088	1.4689773275986	0.14183893886127	0.934743624596198	1	11
transcript:ATMG00700.1	0	0	0	0	0	NA	NA	NA	1	1	1	429
transcript:ATMG00780.1	5	2	4	10	5.52382956457665	1.21911702325531	1.39345790865229	0.874886148828429	0.381635856351186	0.934743624596198	1	32
transcript:ATMG00790.1	0	0	0	0	0	NA	NA	NA	1	1	1	429
transcript:ATMG00800.1	0	0	0	0	0	NA	NA	NA	1	1	1	429
transcript:ATMG00930.1	0	0	0	1	0.280706138634961	1.66454183221973	4.992669256688	0.33339717626798	0.7388344943708	0.934743624596198	1	99.5
transcript:ATMG00950.1	2	0	0	0	0.46556000751881	-2.21560338183523	4.89480607253726	-0.452643751152077	0.650805289143714	0.934743624596198	1	87
transcript:ATMG01070.1	2	0	0	0	0.46556000751881	-2.21560338183523	4.89480607253726	-0.452643751152077	0.650805289143714	0.934743624596198	1	87
transcript:ATMG01160.1	2	0	0	1	0.746266146153771	-0.751731369621811	3.86581547393391	-0.194456092043327	0.845818772919832	0.934852327964025	1	152
transcript:ATMG09950.1	8	6	2	2	4.42522664764944	-1.60956988968742	1.53775288095888	-1.04670256815501	0.295236778909097	0.934743624596198	1	19
transcript:ATMG01340.1	0	0	0	0	0	NA	NA	NA	1	1	1	429
transcript:ATMG09960.1	1	0	0	2	0.794192281029327	1.23679026227229	3.77929339563062	0.327254365512397	0.74347550478584	0.934743624596198	1	106.5
transcript:ATMG09980.1	16	20	8	5	12.154195906071	-1.28586394597028	0.946395911313054	-1.35869558458493	0.174243071843176	0.934743624596198	1	13
transcript:ATCG00010.1	556	766	520	398	567.003780364479	-0.343226093971176	0.279880111313569	-1.22633256203988	0.220073552537834	0.934743624596198	1	15
transcript:ATCG00030.1	2231	2326	3298	2751	2737.77856450584	0.597872930626723	0.221283690005036	2.70183912159598	0.00689571190583174	0.579239800089866	1	2
transcript:ATCG00060.1	1	0	3	0	1.02988904515513	1.75357217550293	3.42084849777135	0.512613223486912	0.608221901387862	0.934743624596198	1	69
transcript:ATCG00090.1	127	141	108	95	119.475024486629	-0.211083869324774	0.35655038341813	-0.592016946668752	0.553839240378339	0.934743624596198	1	55
transcript:ATCG00100.1	130	68	153	94	113.962246175605	0.514236649932057	0.416405110989997	1.23494317519174	0.216851653385123	0.934743624596198	1	14
transcript:ATCG00110.1	12	4	10	3	7.27262080747492	-0.107736187572455	1.2348346234125	-0.0872474625587695	0.930474813497264	0.978170412545091	1	157
transcript:ATCG00200.1	3	6	2	2	3.26132662885241	-0.986773610173039	1.73979621890101	-0.56717769555584	0.570593460205985	0.934743624596198	1	60
transcript:ATCG00230.1	2	0	0	0	0.46556000751881	-2.21560338183523	4.89480607253726	-0.452643751152077	0.650805289143714	0.934743624596198	1	87
transcript:ATCG00240.1	35	22	9	2	16.4906566796291	-2.18816483866978	0.909627561146457	-2.4055612781916	0.0161476435969243	0.904268041427763	1	3
transcript:ATCG00250.1	4	13	4	3	6.02141516366891	-1.10728552608008	1.34501012902614	-0.823254414360297	0.410363330885055	0.934743624596198	1	35
transcript:ATCG00260.1	1	0	4	1	1.57629819758867	2.50320585991254	2.74988515868511	0.910294690673363	0.362667117809016	0.934743624596198	1	27
transcript:ATCG00290.1	173	191	233	195	203.717797853773	0.422461515863125	0.307001318694933	1.37609023198668	0.168793699324403	0.934743624596198	1	12
transcript:ATCG00310.1	2	13	10	4	7.43077937757652	0.0577643434906249	1.26892351800328	0.0455223208263334	0.963690983891871	0.978170412545091	1	162
transcript:ATCG00320.1	7	15	12	11	11.5810844986511	0.245604566779238	0.958965913730513	0.256113969498459	0.797862835546238	0.934743624596198	1	124
transcript:ATCG00370.1	11	18	25	13	17.2628401266937	0.566114281664092	0.809303559762341	0.699507959448907	0.484234640553256	0.934743624596198	1	44
transcript:ATCG00390.1	204	231	234	284	245.983649407339	0.446914945024615	0.302387512363242	1.47795436898783	0.13941999230525	0.934743624596198	1	10
transcript:ATCG00400.1	1293	1569	2054	2108	1822.9160892186	0.730844403245086	0.235315635030249	3.10580469143557	0.00189762007410111	0.318800172448987	1	1
transcript:ATCG00410.1	5	8	15	11	10.1974371677031	1.18247360812848	1.01829223717685	1.16123207558453	0.245547533851514	0.934743624596198	1	16
transcript:ATCG00450.1	635	546	642	735	658.500965598953	0.420246733723558	0.249848518327116	1.68200610728996	0.0925676556464176	0.934743624596198	1	6
transcript:ATCG00460.1	39	54	40	50	46.973362444672	0.144897940004902	0.517160104663897	0.280180042308313	0.779339377646161	0.934743624596198	1	120
transcript:ATCG00610.1	12	18	7	6	10.748022911634	-1.02145758884826	0.992712187025119	-1.02895643087579	0.303500148936333	0.934743624596198	1	21
transcript:ATCG00620.1	45	54	53	69	57.1575982806742	0.496585509056095	0.476079048323553	1.04307364670794	0.296914184990915	0.934743624596198	1	20
transcript:ATCG00850.1	1	0	0	1	0.513486142394366	0.230394686669328	4.53487366720348	0.0508050948222789	0.959480831041098	0.978170412545091	1	160
transcript:ATCG00880.1	0	1	1	0	0.51073106591643	0.157513323062736	4.54405275366916	0.0346636211332603	0.972347969613275	0.978170412545091	1	167
transcript:ATCG00910.1	1	1	0	0	0.477808055877259	-2.24954226902491	4.547660213517	-0.494659267273004	0.620840658691177	0.934743624596198	1	70.5
transcript:ATCG00930.1	180	185	213	232	208.949156420904	0.480536543648289	0.303316914025087	1.58427216363063	0.113131797529133	0.934743624596198	1	7
transcript:ATCG00940.1	3124	5034	4855	4743	4582.05329364337	0.419037411347169	0.269164115795657	1.55681009003924	0.119515580893942	0.934743624596198	1	9
transcript:ATCG00980.1	3	11	5	3	5.56428206947237	-0.638891730671063	1.3855645748215	-0.461105705414972	0.644722768587682	0.934743624596198	1	83
transcript:ATCG00990.1	5	5	5	4	4.84037990291902	0.0381129548922765	1.40638396642154	0.0270999640228071	0.978380003456858	0.978380003456858	1	168
transcript:ATCG01030.1	0	0	2	1	0.812112166232114	3.20977548742555	3.6635292049518	0.876143005243977	0.380952296157677	0.934743624596198	1	30
transcript:ATCG01140.1	7	1	3	2	3.23300939709934	-0.467481506617479	1.7873528799241	-0.261549642417188	0.793668672231375	0.934743624596198	1	121
transcript:ATCG01150.1	3	11	10	5	7.45420941573518	0.265485809685846	1.21508420698431	0.218491696427156	0.82704602733592	0.934743624596198	1	148
transcript:ATCG01190.1	3116	4931	4815	4662	4521.58784646378	0.420637625095611	0.266155582354656	1.58042007375636	0.114010697473215	0.934743624596198	1	8
transcript:ATCG01200.1	186	201	203	189	199.538891178057	0.209534691192813	0.305101231972928	0.686771042640055	0.492227020359798	0.934743624596198	1	47
transcript:ATCG01220.1	2	1	0	1	0.991294198271625	-1.36237379449913	3.21144626566014	-0.424224377990359	0.671402183718438	0.934743624596198	1	92
transcript:ATCG01260.1	0	0	1	0	0.265703013798576	1.62457339073635	4.99547633640618	0.325208905284314	0.745022969256603	0.934743624596198	1	113
transcript:ATCG01290.1	0	0	0	1	0.280706138634961	1.66454183221973	4.992669256688	0.33339717626798	0.7388344943708	0.934743624596198	1	99.5
