ago1.1	ago1.2	deltaN.1	deltaN.2	baseMean	log2FC	lfcSE	stat	p.value	q.value	q.value_BH	ranking
transcript:AT1G04187.1	8	10	3	6	6.46444343328917	-0.865188571271233	1.06271369349139	-0.814131385122917	0.415569687859077	0.99376608161118	1	80
transcript:AT1G04193.1	0	1	2	4	1.76426673130301	2.69075802383805	2.73696931951789	0.983115888311095	0.325550405426437	0.99376608161118	1	65
transcript:AT1G03502.1	6	2	3	3	3.34001230354318	-0.223966811286963	1.6184851521511	-0.138380516490555	0.889939694454844	0.994941598221685	1	221
transcript:AT1G03506.1	2	2	3	5	2.95907397546335	1.14343893909465	1.75882371415178	0.650115716483895	0.515617477971168	0.99376608161118	1	101
transcript:AT1G04197.1	1	1	7	7	4.06877895115537	2.96703072534893	1.64609807301937	1.80246291152424	0.0714726048673129	0.99376608161118	1	18
transcript:AT1G04213.1	3	1	1	1	1.41237764295572	-0.8068343729922	2.72457919401193	-0.296131738348974	0.767129476704078	0.99376608161118	1	179
transcript:AT1G03743.1	0	0	1	0	0.270585384080884	1.6530628823245	4.9887800600553	0.331356135653368	0.740375493752707	0.99376608161118	1	169
transcript:AT1G03746.1	0	0	0	0	0	NA	NA	NA	1	1	1	269.5
transcript:AT1G04217.1	8	8	17	13	11.4765213874018	1.07241026427981	0.755220855948706	1.41999556266577	0.155608972890556	0.99376608161118	1	36
transcript:AT1G03935.1	3	8	11	11	8.27581382183791	1.13516712606419	0.936792083821645	1.21175994723746	0.2256042842945	0.99376608161118	1	47
transcript:AT1G04223.1	3	3	11	3	5.09639360874193	1.41398056205367	1.3041555548349	1.0842115856591	0.278270995929472	0.99376608161118	1	59
transcript:AT1G04227.1	2	1	1	6	2.4181654119146	1.35606487752883	2.08142852436131	0.65150681931052	0.514719376499193	0.99376608161118	1	100
transcript:AT1G04267.1	3	1	6	5	3.74399109756355	1.64972624045083	1.56382221098442	1.05493209449451	0.291456382517453	0.99376608161118	1	61
transcript:AT1G04273.1	5	1	5	4	3.66387487752259	0.790414343041901	1.56077453629877	0.506424422400109	0.612558733410005	0.99376608161118	1	127
transcript:AT1G04277.1	8	8	3	8	6.46496784251521	-0.405515855929184	1.05729113581089	-0.383542282909779	0.70131772548189	0.99376608161118	1	159
transcript:AT1G04517.1	2	0	0	0	0.43514079759077	-2.20864339729121	4.89817137640655	-0.450911825570207	0.652053100130378	0.99376608161118	1	142
transcript:AT1G04527.1	0	0	0	0	0	NA	NA	NA	1	1	1	269.5
transcript:AT1G04547.1	0	0	0	2	0.489343267101703	2.5349242425679	4.89734101779946	0.517612360126583	0.604728756258232	0.99376608161118	1	125
transcript:AT1G07702.1	30	28	16	16	21.6146882562286	-0.698643632401843	0.512260621971956	-1.36384411066461	0.172616633975648	0.99376608161118	1	38
transcript:AT1G12013.1	2	6	0	2	2.39094063831947	-1.92644872855197	2.24635634197565	-0.857588216327992	0.391119884085234	0.99376608161118	1	74
transcript:AT1G12015.1	0	0	0	0	0	NA	NA	NA	1	1	1	269.5
transcript:AT1G05137.1	0	1	1	0	0.514994813018717	0.149809027828776	4.97874542293402	0.0300897143964619	0.97599550374087	0.994941598221685	1	243
transcript:AT1G05247.1	1	6	1	0	1.95461235650327	-2.67686029427333	2.67931523272267	-0.999083744077834	0.317754125222001	0.99376608161118	1	64
transcript:AT1G05417.1	23	24	14	17	18.8175586142987	-0.448231469192732	0.549266111389609	-0.816055205114939	0.414468562352666	0.99376608161118	1	79
transcript:AT1G05423.1	24	13	12	16	15.5607828930653	-0.233686037778076	0.622298251444597	-0.37552096158972	0.707273060073604	0.99376608161118	1	161
transcript:AT1G05427.1	26	16	17	20	19.0607654320774	-0.0155964231156496	0.546790608335629	-0.0285235753465543	0.977244565269442	0.994941598221685	1	245
transcript:AT1G05433.1	10	9	5	14	9.15371863851069	0.136575908122645	0.864160027399128	0.158044695186491	0.874421579602168	0.994941598221685	1	220
transcript:AT1G19373.1	3	1	0	1	1.14179225887484	-1.82409006054918	3.31829764053428	-0.549706583962578	0.582520640267455	0.99376608161118	1	117
transcript:AT1G19376.1	0	0	1	0	0.270585384080884	1.6530628823245	4.9887800600553	0.331356135653368	0.740375493752707	0.99376608161118	1	169
transcript:AT1G20015.1	1	2	2	0	1.24756002483282	-0.394365262175175	3.09588180640796	-0.127383823684388	0.898636618766374	0.994941598221685	1	224
transcript:AT1G05563.1	13	26	21	21	20.0034577069901	0.246427312398401	0.556210507669054	0.443046848271745	0.657731849182511	0.99376608161118	1	144
transcript:AT1G05907.1	0	1	0	0	0.244409428937833	-1.34521552935649	4.9874734092336	-0.269718837370844	0.787376567341956	0.99376608161118	1	188
transcript:AT1G05917.1	16	12	6	0	8.03755183246546	-1.99633798241723	1.80155560534399	-1.10811899255036	0.267810429598937	0.99376608161118	1	56
transcript:AT1G26233.1	0	3	3	2	2.03432770615785	0.843413561249446	2.39367291778729	0.352351215148098	0.72457488354169	0.99376608161118	1	165
transcript:AT1G05993.1	3	0	0	0	0.652711196386155	-2.79111406640819	4.86079448324065	-0.57420943757889	0.565826083683863	0.99376608161118	1	113.5
transcript:AT1G05997.1	5	3	0	0	1.82108028079042	-4.26732188356918	2.81499158500964	-1.51592704798603	0.129537800071725	0.99376608161118	1	24
transcript:AT1G06033.1	5	5	6	5	5.15676961090565	0.300231657962157	1.202227451644	0.24972949798443	0.802796544714921	0.99376608161118	1	200
transcript:AT1G06087.1	1	1	0	0	0.461979827733218	-2.2865632464972	4.89227486387603	-0.467382416180438	0.64022630074185	0.99376608161118	1	137
transcript:AT1G29071.1	4	3	1	5	3.09745343383018	-0.0927004755496138	1.72072000293231	-0.0538730737084717	0.957036289570119	0.994941598221685	1	234
transcript:AT1G06233.1	25	21	16	31	22.4860447629497	0.178436517916143	0.509826631966914	0.349994501518554	0.726342824156903	0.99376608161118	1	166
transcript:AT1G06237.1	33	19	28	20	24.2934257353483	0.0653624317971279	0.49571079214555	0.131855978995786	0.895098208200616	0.994941598221685	1	222
transcript:AT1G06243.1	30	26	27	34	28.506398027158	0.279741723670449	0.442986379966036	0.631490574703214	0.527719810070495	0.99376608161118	1	105
transcript:AT1G06247.1	16	14	16	17	15.3916423015144	0.297605714329388	0.61328903500687	0.485261756434393	0.62749067993496	0.99376608161118	1	131
transcript:AT1G06253.1	71	82	84	95	81.4620489374998	0.376943750169446	0.295256711747012	1.2766644590028	0.201720734175501	0.99376608161118	1	39
transcript:AT1G06263.1	0	3	13	10	6.69755461537351	3.0741955104308	1.27333221848975	2.41429178166636	0.0157658312325022	0.659537273226344	0.754132260621358	6
transcript:AT1G06267.1	2	2	2	9	3.66717512558587	1.57925165875683	1.60748891066147	0.982433936733647	0.325886114199359	0.99376608161118	1	66
transcript:AT1G06273.1	3	3	1	12	4.59258446989076	1.22224113612741	1.43993850161975	0.848814817266532	0.39598434387957	0.99376608161118	1	76
transcript:AT1G06277.1	5	2	6	6	4.66821295764301	0.96028992626816	1.31324649862153	0.73123357060243	0.464636498217055	0.99376608161118	1	88
transcript:AT1G06283.1	13	4	24	22	15.6828780561513	1.62081034437726	0.666046467985771	2.43347937761586	0.0149544872707459	0.659537273226344	0.754132260621358	5
transcript:AT1G06397.1	77	82	73	107	82.7270917079926	0.324895355195842	0.298366022979641	1.08891539308419	0.276191197506744	0.99376608161118	1	58
transcript:AT1G06453.1	15	14	22	32	20.4676587104671	1.0476805917921	0.535116624008068	1.95785468959063	0.0502470659490911	0.968828285022358	1	13
transcript:AT1G06457.1	3	6	2	11	5.35172650723429	0.628584201389953	1.25713233002184	0.500014347239828	0.617064975156853	0.99376608161118	1	130
transcript:AT1G06463.1	12	11	8	8	9.42140464491467	-0.363419650896868	0.825977890169529	-0.439987141571401	0.659946420318589	0.99376608161118	1	145
transcript:AT1G06467.1	0	4	0	0	0.977637715751331	-3.36322007256078	4.17071053990379	-0.806390191882836	0.420017900483816	0.99376608161118	1	82.5
transcript:AT1G06547.1	10	9	8	4	7.51875845524483	-0.486522579630636	0.96256328792291	-0.505444769954286	0.613246480777053	0.99376608161118	1	128
transcript:AT1G32385.1	5	4	3	7	4.58994729682687	0.294726002417934	1.3116694310183	0.224695335157065	0.822216293830665	0.99376608161118	1	204
transcript:AT1G06553.1	5	7	1	4	4.04798991482605	-1.14611900677823	1.4799633716834	-0.774423900420295	0.438680154390943	0.99376608161118	1	84
transcript:AT1G06667.1	2	1	0	0	0.679550226528603	-2.84550777245484	4.49973687837915	-0.63237203626889	0.527143802133376	0.99376608161118	1	103.5
transcript:AT1G06673.1	2	0	0	0	0.43514079759077	-2.20864339729121	4.89817137640655	-0.450911825570207	0.652053100130378	0.99376608161118	1	142
transcript:AT1G07393.1	0	0	0	0	0	NA	NA	NA	1	1	1	269.5
transcript:AT1G07487.1	0	0	0	0	0	NA	NA	NA	1	1	1	269.5
transcript:AT1G07593.1	0	1	0	0	0.244409428937833	-1.34521552935649	4.9874734092336	-0.269718837370844	0.787376567341956	0.99376608161118	1	188
transcript:AT1G07897.1	82	55	26	23	43.945958850575	-1.31147632987672	0.391380601482919	-3.35089762984576	0.000805500736966047	0.0673935616594926	0.0770595705030852	3
transcript:AT1G07903.1	32	37	18	11	23.5673265146674	-1.08856942345704	0.515092098540269	-2.11334910114513	0.0345708990045735	0.966613977006737	1	8
transcript:AT1G07957.1	3	2	1	0	1.41211543834271	-2.11847869059503	3.00019023904452	-0.706114786664233	0.480116756900539	0.99376608161118	1	93
transcript:AT1G08107.1	4	6	0	0	2.33673816880854	-4.6236303773255	2.51144315615035	-1.84102529495942	0.0656178519736258	0.968828285022358	1	16.5
transcript:AT1G08113.1	1	2	0	0	0.706389256671051	-2.8972119325836	4.42127448665444	-0.655288863274334	0.512281789705409	0.99376608161118	1	98.5
transcript:AT1G08117.1	1	1	0	0	0.461979827733218	-2.2865632464972	4.89227486387603	-0.467382416180438	0.64022630074185	0.99376608161118	1	137
transcript:AT1G08123.1	0	1	1	0	0.514994813018717	0.149809027828776	4.97874542293402	0.0300897143964619	0.97599550374087	0.994941598221685	1	243
transcript:AT1G08327.1	0	1	1	0	0.514994813018717	0.149809027828776	4.97874542293402	0.0300897143964619	0.97599550374087	0.994941598221685	1	243
transcript:AT1G08347.1	0	0	0	0	0	NA	NA	NA	1	1	1	269.5
transcript:AT1G08353.1	0	0	0	0	0	NA	NA	NA	1	1	1	269.5
transcript:AT1G08643.1	17	38	7	7	16.5930542025813	-1.84247129737066	0.682211639682691	-2.70073272016823	0.00691869144517303	0.434147888184608	0.496416111191165	4
transcript:AT1G08937.1	3	2	0	5	2.36488822201608	0.110811039381521	2.18993337616467	0.0506001874703556	0.959644113438612	0.994941598221685	1	236
transcript:AT1G09027.1	33	68	59	89	61.5399773748183	0.669551307879674	0.61321940068848	1.09186256522209	0.274893513988302	0.99376608161118	1	57
transcript:AT1G09083.1	14	13	9	13	11.8393078522162	-0.144203879990765	0.722628093117304	-0.199554765949788	0.841828807659179	0.99376608161118	1	211
transcript:AT1G09087.1	11	6	5	4	6.19134441498406	-0.73600187131453	1.08596693327002	-0.677738749464784	0.497937352811556	0.99376608161118	1	95
transcript:AT1G09333.1	62	48	123	151	95.4484362224572	1.47583890541298	0.285202954350912	5.1746971162056	2.2828099454228e-07	5.72985296301122e-05	6.55166454336342e-05	1
transcript:AT1G74453.1	42	33	43	38	38.136161494765	0.278468721648041	0.393149292249735	0.708302741827531	0.478757274795922	0.99376608161118	1	92
transcript:AT1G74456.1	33	34	39	42	36.3187823324243	0.429272454764388	0.399011194143959	1.07584063070048	0.281998537452331	0.99376608161118	1	60
transcript:AT1G09467.1	30	22	35	38	30.6721299182572	0.653316374783795	0.432312387851028	1.51121363426885	0.130734029754752	0.99376608161118	1	26
transcript:AT1G09533.1	12	3	14	8	9.08964151789731	0.759899109292801	0.905744923424598	0.838976945539636	0.401482246935722	0.99376608161118	1	77
transcript:AT1G75163.1	16	3	9	3	7.38363802492017	-0.433951917955205	1.06100191872961	-0.409002010547538	0.682538185680847	0.99376608161118	1	154
transcript:AT1G75166.1	13	15	21	24	18.0489688893265	0.836113830657108	0.567346693643918	1.47372645337363	0.140555257385089	0.99376608161118	1	30
transcript:AT1G09787.1	6	4	2	4	3.80291741088882	-0.583245777610313	1.4866468912317	-0.392323006256778	0.694819566911362	0.99376608161118	1	157
transcript:AT1G09867.1	9	13	12	10	10.8291971098294	0.151958706646037	0.770697658007048	0.197170323624686	0.843694253052237	0.99376608161118	1	212
transcript:AT1G09873.1	2	4	3	0	2.22453466558475	-0.812542721793461	2.28092603950522	-0.35623369969932	0.721665556426994	0.99376608161118	1	164
transcript:AT1G09877.1	8	5	7	4	5.83539455782184	-0.0550523509472062	1.12065755324842	-0.0491250434065493	0.960819645745445	0.994941598221685	1	237
transcript:AT1G09883.1	8	8	8	9	8.06256639647048	0.242388087573762	0.901383851845524	0.268906622941479	0.788001540267346	0.99376608161118	1	192
transcript:AT2G05765.1	21	37	18	17	22.6420819292233	-0.586586448261595	0.525335397048181	-1.11659418260711	0.264167880103564	0.99376608161118	1	55
transcript:AT2G04955.1	56	75	28	43	48.6119204998304	-0.745126092804513	0.377508367557651	-1.97380020375501	0.0484044656787355	0.968828285022358	1	12
transcript:AT2G04965.1	25	33	18	15	22.0453825415518	-0.660572976985763	0.51820184873826	-1.27474067989945	0.202401043126532	0.99376608161118	1	40
transcript:AT2G05525.1	0	0	0	0	0	NA	NA	NA	1	1	1	269.5
transcript:AT2G05565.1	0	0	0	0	0	NA	NA	NA	1	1	1	269.5
transcript:AT2G06855.1	1	1	0	3	1.19599472838577	0.679654231484219	3.17873182026543	0.213813014092981	0.830692875855357	0.99376608161118	1	208
transcript:AT2G06865.1	1	4	5	4	3.52682156915454	0.977652951126949	1.60551150238219	0.608935501038984	0.54256719179254	0.99376608161118	1	108
transcript:AT2G17295.1	1	0	1	0	0.488155782876269	0.234585695888117	4.98452926649931	0.0470627582557799	0.962463209036636	0.994941598221685	1	238.5
transcript:AT2G20721.1	16	8	17	19	14.68511437907	0.757558670828608	0.648127021555221	1.16884290522373	0.24246693035491	0.99376608161118	1	50
transcript:AT2G20722.1	4	7	3	14	6.81830661970095	0.733668197961855	1.07743230641543	0.680941339509982	0.495908608895957	0.99376608161118	1	94
transcript:AT2G20723.1	4	11	8	11	8.41485635520414	0.463960950838375	0.920041293458408	0.504282747021451	0.614062699670686	0.99376608161118	1	129
transcript:AT2G07605.1	5	4	0	4	3.04417624393166	-1.05761291322398	1.86258105043278	-0.567821149569967	0.570156417288021	0.99376608161118	1	115
transcript:AT2G07615.1	1	0	0	0	0.217570398795385	-1.26045683859641	4.99324581909585	-0.252432362487743	0.800706888246764	0.99376608161118	1	197.5
transcript:AT2G08370.1	0	0	0	0	0	NA	NA	NA	1	1	1	269.5
transcript:AT2G08375.1	0	0	0	0	0	NA	NA	NA	1	1	1	269.5
transcript:AT2G08390.1	0	0	0	0	0	NA	NA	NA	1	1	1	269.5
transcript:AT2G08580.1	0	2	1	8	2.71677731036336	2.22679528594082	2.1488413088299	1.03627721451118	0.300072833029442	0.99376608161118	1	62
transcript:AT2G08585.1	2	5	5	5	4.23347303043861	0.647171975524071	1.40017406571222	0.462208229228184	0.643932002476817	0.99376608161118	1	140
transcript:AT2G35382.1	0	0	0	1	0.244671633550852	1.57974271602438	4.9938132011608	0.316339969556164	0.751744476293896	0.99376608161118	1	173
transcript:AT2G35384.1	0	0	0	0	0	NA	NA	NA	1	1	1	269.5
transcript:AT2G35387.1	1	0	1	0	0.488155782876269	0.234585695888117	4.98452926649931	0.0470627582557799	0.962463209036636	0.994941598221685	1	238.5
transcript:AT2G08725.1	1	0	1	1	0.732827416427121	1.18213944986181	4.06678575024682	0.290681516671997	0.771294909047568	0.99376608161118	1	180
transcript:AT2G35742.1	1	4	2	0	1.73637888270848	-1.15558797779788	2.65315891191517	-0.435551738950958	0.663161992574555	0.99376608161118	1	147
transcript:AT2G08755.1	3	2	2	1	1.92737245597444	-0.547563939211624	2.2830654082708	-0.239837166831917	0.810456492753371	0.99376608161118	1	201
transcript:AT2G08760.1	6	1	4	14	6.0575762277456	1.52612127867348	1.20635862951219	1.26506433604291	0.205848266117577	0.99376608161118	1	41
transcript:AT2G08765.1	36	19	32	45	32.1452693068293	0.651296588003342	0.439047028252356	1.48343240266505	0.137959563776515	0.99376608161118	1	29
transcript:AT2G35744.1	21	32	41	35	32.0475880223098	0.671431101746767	0.44186259178031	1.51954728514469	0.128624795286379	0.99376608161118	1	23
transcript:AT2G35747.1	41	24	21	34	28.7873412515463	-0.0793666166785472	0.457831278985149	-0.173353417124481	0.862373638417438	0.99392293480449	1	217
transcript:AT2G08770.1	77	56	78	44	62.3110605623097	0.0581098636554578	0.359655023375831	0.161571116427128	0.871643604163569	0.994941598221685	1	219
transcript:AT2G08860.1	10	17	7	8	10.18213503687	-0.709807216273777	0.813959911594244	-0.87204198408682	0.383185474067759	0.99376608161118	1	72
transcript:AT2G08900.1	2	1	0	0	0.679550226528603	-2.84550777245484	4.49973687837915	-0.63237203626889	0.527143802133376	0.99376608161118	1	103.5
transcript:AT2G08905.1	0	0	1	1	0.515257017631736	2.60217008234537	4.89227013606959	0.531894194304636	0.594799278539327	0.99376608161118	1	122
transcript:AT2G08910.1	1	0	4	1	1.54458356866977	2.53846745704115	2.9333919597869	0.865369337558816	0.386836104930089	0.99376608161118	1	73
transcript:AT2G43137.1	0	0	0	0	0	NA	NA	NA	1	1	1	269.5
transcript:AT2G43138.1	2	1	3	0	1.49130637877126	0.240166802100575	2.82949276225334	0.0848798078950774	0.932356944811791	0.994941598221685	1	232
transcript:AT2G43139.1	0	2	0	0	0.488818857875666	-2.36118444901532	4.88691249646036	-0.483164871629183	0.628978675651348	0.99376608161118	1	132
transcript:AT2G43141.1	0	0	0	1	0.244671633550852	1.57974271602438	4.9938132011608	0.316339969556164	0.751744476293896	0.99376608161118	1	173
transcript:AT2G09460.1	11	9	13	23	13.7380168119108	0.996815329797937	0.679329284992518	1.46735221315965	0.142280266874997	0.99376608161118	1	31
transcript:AT2G09465.1	3	18	8	18	11.6208533938295	0.400852372481721	0.847709731794928	0.472865129946028	0.636309404043247	0.99376608161118	1	133
transcript:AT2G09680.1	4	1	4	0	2.19703256044291	-0.0633413557378005	2.32507343569557	-0.0272427333973007	0.978266132019677	0.994941598221685	1	246
transcript:AT2G09685.1	10	6	9	7	7.79013045316477	0.178840590204093	0.928574569031267	0.192596907312105	0.847274667190409	0.99376608161118	1	214
transcript:AT2G09690.1	15	12	11	11	11.8642963231339	-0.131323244873364	0.719870695589567	-0.182426157472366	0.855248299520019	0.99392293480449	1	215
transcript:AT2G09695.1	13	9	12	7	9.98782608860707	-0.0301166547210514	0.811812680021718	-0.037098034389221	0.97040683928141	0.994941598221685	1	240
transcript:AT2G09700.1	16	12	4	2	7.98572433140539	-2.04511386418557	1.00746980800285	-2.02995052351959	0.0423615687134427	0.966613977006737	1	11
transcript:AT2G09705.1	0	0	2	1	0.78584240171262	3.20916770843974	4.20898442639785	0.76245654137196	0.445787571354199	0.99376608161118	1	86.5
transcript:AT2G09815.1	0	0	0	0	0	NA	NA	NA	1	1	1	269.5
transcript:AT3G01313.1	0	0	0	0	0	NA	NA	NA	1	1	1	269.5
transcript:AT3G01316.1	5	1	0	0	1.33226142291476	-3.81916568446096	3.29319661936573	-1.15971383609538	0.246165335007604	0.99376608161118	1	51.5
transcript:AT3G00985.1	1	5	1	2	2.19954619466714	-0.907111940719628	2.18590826443128	-0.414981705993795	0.678155295336677	0.99376608161118	1	152
transcript:AT3G01145.1	1	6	8	4	4.82739657927286	0.913438611894331	1.35525455392812	0.67399781778765	0.500312701051639	0.99376608161118	1	96
transcript:AT3G01155.1	12	13	11	8	10.721979655033	-0.233271134614981	0.772256111807861	-0.302064471939096	0.762602915401187	0.99376608161118	1	177
transcript:AT3G02045.1	5	6	12	13	8.9820644127356	1.33657638054318	0.876271685759658	1.52529906222461	0.127184521581451	0.99376608161118	1	21
transcript:AT3G02205.1	37	22	19	10	21.0149508251069	-0.8386892612429	0.550808516752753	-1.52265122222025	0.127845987466791	0.99376608161118	1	22
transcript:AT3G02385.1	0	0	1	0	0.270585384080884	1.6530628823245	4.9887800600553	0.331356135653368	0.740375493752707	0.99376608161118	1	169
transcript:AT3G02435.1	10	8	7	8	7.98245017642952	-0.101980983425928	0.906695347593634	-0.11247546785873	0.910446420112625	0.994941598221685	1	226
transcript:AT3G02445.1	17	5	5	7	7.98637227947109	-0.689396149193874	0.959325062142401	-0.718626226291106	0.472371249681357	0.99376608161118	1	90
transcript:AT3G13525.1	0	0	0	0	0	NA	NA	NA	1	1	1	269.5
transcript:AT3G02725.1	0	0	0	0	0	NA	NA	NA	1	1	1	269.5
transcript:AT3G02795.1	0	1	0	0	0.244409428937833	-1.34521552935649	4.9874734092336	-0.269718837370844	0.787376567341956	0.99376608161118	1	188
transcript:AT3G14475.1	31	20	5	13	16.1665290979791	-1.3488547402646	0.645778554058162	-2.08872644002841	0.036732355375811	0.966613977006737	1	9
transcript:AT3G03175.1	0	2	0	2	0.978162124977369	0.0240577355245679	3.79470987048574	0.00633980893023804	0.994941598221685	0.994941598221685	1	250.5
transcript:AT3G03415.1	0	0	0	0	0	NA	NA	NA	1	1	1	269.5
transcript:AT3G03425.1	0	1	0	0	0.244409428937833	-1.34521552935649	4.9874734092336	-0.269718837370844	0.787376567341956	0.99376608161118	1	188
transcript:AT3G03445.1	1	1	0	0	0.461979827733218	-2.2865632464972	4.89227486387603	-0.467382416180438	0.64022630074185	0.99376608161118	1	137
transcript:AT3G03585.1	5	1	2	0	1.87343219107653	-1.32658269266309	2.55809815323674	-0.518581623220585	0.604052526796957	0.99376608161118	1	124
transcript:AT3G21805.1	6	10	3	12	7.49733243700351	0.0175112857250916	0.999144382583924	0.0175262815167964	0.986016766446037	0.994941598221685	1	247
transcript:AT3G04155.1	4	9	4	6	5.62033779325068	-0.255412999659339	1.16265945472317	-0.219679974752499	0.826120401541992	0.99376608161118	1	207
transcript:AT3G04165.1	16	20	9	13	13.9853146523718	-0.567697537207194	0.66352687318406	-0.855575802805076	0.392232458911405	0.99376608161118	1	75
transcript:AT3G04175.1	18	10	8	12	11.4611041429526	-0.320000925871411	0.748082966678712	-0.427761277993174	0.668824931205526	0.99376608161118	1	149
transcript:AT3G24612.1	1	0	0	0	0.217570398795385	-1.26045683859641	4.99324581909585	-0.252432362487743	0.800706888246764	0.99376608161118	1	197.5
transcript:AT3G24614.1	0	0	0	0	0	NA	NA	NA	1	1	1	269.5
transcript:AT3G24615.1	7	0	4	0	2.60533432789123	-0.499810313917296	4.19754810249137	-0.119071968137934	0.90521833890234	0.994941598221685	1	225
transcript:AT3G04985.1	2	4	0	0	1.4127785133421	-3.8970074919405	3.17172801281961	-1.22867013696932	0.219195507140897	0.99376608161118	1	45.5
transcript:AT3G27865.1	4	2	2	5	3.12362938897323	0.376975715938405	1.68938221163097	0.223144125315765	0.823423336989475	0.99376608161118	1	206
transcript:AT3G05325.1	2	7	4	2	3.71769160358084	-0.446966289435955	1.55577102703696	-0.287295676335627	0.773885932968034	0.99376608161118	1	182
transcript:AT3G05335.1	4	13	18	15	12.5882155880921	1.09311387164268	0.757217241787913	1.44359347795839	0.14885336060841	0.99376608161118	1	33
transcript:AT3G05355.1	14	7	10	14	10.888108296221	0.360969959752858	0.77089119085252	0.468250207080023	0.639605671817082	0.99376608161118	1	134
transcript:AT3G05715.1	4	9	3	4	4.86040914206809	-0.768141431676087	1.28998755337041	-0.595464219533848	0.551533209455897	0.99376608161118	1	111
transcript:AT3G07715.1	8	8	3	3	5.24160967476095	-1.25805922804305	1.22616489480806	-1.02601145520479	0.30488618455154	0.99376608161118	1	63
transcript:AT3G47342.1	7	14	12	13	11.372480641829	0.388844250163239	0.761640244686429	0.510535325405932	0.609676472720079	0.99376608161118	1	126
transcript:AT3G07725.1	21	9	21	26	18.8124187731643	0.820849827612026	0.570615851189633	1.4385331671048	0.150282833774762	0.99376608161118	1	34
transcript:AT3G07735.1	23	10	20	23	18.4873687149595	0.557388592786458	0.572333235540944	0.973888214371543	0.330112046165804	0.99376608161118	1	67
transcript:AT3G47347.1	35	29	29	44	33.3153654116187	0.342890547463067	0.418945315783901	0.818461346969531	0.413093804515939	0.99376608161118	1	78
transcript:AT3G47348.1	94	60	56	70	67.3959790801253	-0.123872404221154	0.321363962561775	-0.385458292316591	0.699897901552461	0.99376608161118	1	158
transcript:AT3G08165.1	19	11	22	8	14.7325928136147	0.197431560075785	0.685089498950154	0.288183602840699	0.773206199649828	0.99376608161118	1	181
transcript:AT3G50825.1	29	21	22	24	23.2671372277605	0.0442250257632926	0.488219695639362	0.0905842721182652	0.927822929578588	0.994941598221685	1	230
transcript:AT3G08210.1	0	0	0	0	0	NA	NA	NA	1	1	1	269.5
transcript:AT3G08275.1	0	2	0	2	0.978162124977369	0.0240577355245679	3.79470987048574	0.00633980893023804	0.994941598221685	0.994941598221685	1	250.5
transcript:AT3G08485.1	3	6	0	5	3.34252593776741	-0.769094890126173	1.77587772807947	-0.433078740706949	0.664957566767255	0.99376608161118	1	148
transcript:AT3G58193.1	0	0	0	0	0	NA	NA	NA	1	1	1	269.5
transcript:AT3G58196.1	0	0	0	0	0	NA	NA	NA	1	1	1	269.5
transcript:AT3G09225.1	0	4	0	0	0.977637715751331	-3.36322007256078	4.17071053990379	-0.806390191882836	0.420017900483816	0.99376608161118	1	82.5
transcript:AT3G09865.1	0	5	2	0	1.76321791285093	-1.18297166807422	2.86469170928076	-0.412949031912138	0.67964395632321	0.99376608161118	1	153
transcript:AT4G03915.1	0	2	0	13	3.66955009403674	2.71229141183611	4.22335902758156	0.642211896768165	0.520735609566497	0.99376608161118	1	102
transcript:AT4G03925.1	3	1	4	0	1.97946216164752	0.251991985363075	2.45850940480404	0.102497873252253	0.918361500859023	0.994941598221685	1	228
transcript:AT4G02555.1	1	2	0	0	0.706389256671051	-2.8972119325836	4.42127448665444	-0.655288863274334	0.512281789705409	0.99376608161118	1	98.5
transcript:AT4G04205.1	0	1	0	0	0.244409428937833	-1.34521552935649	4.9874734092336	-0.269718837370844	0.787376567341956	0.99376608161118	1	188
transcript:AT4G04465.1	4	0	0	0	0.87028159518154	-3.20579718564265	4.40355415183896	-0.72800221709636	0.466612229105449	0.99376608161118	1	89
transcript:AT4G03295.1	0	1	0	0	0.244409428937833	-1.34521552935649	4.9874734092336	-0.269718837370844	0.787376567341956	0.99376608161118	1	188
transcript:AT4G04475.1	1	1	0	0	0.461979827733218	-2.2865632464972	4.89227486387603	-0.467382416180438	0.64022630074185	0.99376608161118	1	137
transcript:AT4G04485.1	1	3	0	1	1.19547031915974	-1.89837143792949	3.25927310763843	-0.582452398198994	0.560261996096044	0.99376608161118	1	112
transcript:AT4G05045.1	0	0	0	0	0	NA	NA	NA	1	1	1	269.5
transcript:AT4G05055.1	0	0	0	0	0	NA	NA	NA	1	1	1	269.5
transcript:AT4G05048.1	0	0	0	0	0	NA	NA	NA	1	1	1	269.5
transcript:AT4G06010.1	1	2	4	0	1.78873079299459	0.610909426507403	2.59997145653655	0.234967743577155	0.814233769279059	0.99376608161118	1	202
transcript:AT4G06015.1	0	3	0	0	0.733228286813498	-2.94828547447571	4.79022371682026	-0.615479703823264	0.538237968948669	0.99376608161118	1	106.5
transcript:AT4G13245.1	0	3	0	0	0.733228286813498	-2.94828547447571	4.79022371682026	-0.615479703823264	0.538237968948669	0.99376608161118	1	106.5
transcript:AT4G06240.1	7	7	5	6	6.05481551584206	-0.194848681539654	1.07929415292649	-0.180533435682316	0.856733807723683	0.99392293480449	1	216
transcript:AT4G06245.1	6	0	6	6	4.39696449856272	1.21845407812887	1.49776682375695	0.81351386531085	0.415923500022899	0.99376608161118	1	81
transcript:AT4G06250.1	1	0	8	3	3.11626837209501	3.66069173508169	2.16674387695692	1.68948982573009	0.0911255999997505	0.99376608161118	1	19
transcript:AT4G06255.1	1	0	4	0	1.29991193511892	2.24459623183119	3.4103771058437	0.658166578700361	0.510431097885548	0.99376608161118	1	97
transcript:AT4G06305.1	0	3	6	2	2.84608385840051	1.54688379321519	1.99997041698878	0.773453337146969	0.439254134496208	0.99376608161118	1	85
transcript:AT4G06310.1	6	2	5	2	3.6365114381541	0.0215274040479435	1.55749604721313	0.0138218033275032	0.988972147654599	0.994941598221685	1	249
transcript:AT4G06315.1	3	3	1	1	1.90119650083139	-1.42801135650952	2.35096740818537	-0.607414356973902	0.543575962976515	0.99376608161118	1	109
transcript:AT4G06320.1	0	3	1	0	1.00381367089438	-1.45912591830236	3.82495586186777	-0.381475230302359	0.702850647534682	0.99376608161118	1	160
transcript:AT4G15258.1	13	5	12	6	8.76551673930489	0.201878682007314	0.901881927146501	0.223841587164349	0.822880569021019	0.99376608161118	1	205
transcript:AT4G06705.1	0	4	9	7	5.12560760733525	2.11962971515782	1.39995235242558	1.51407275503722	0.130007387841775	0.99376608161118	1	25
transcript:AT4G07075.1	4	6	0	0	2.33673816880854	-4.6236303773255	2.51144315615035	-1.84102529495942	0.0656178519736258	0.968828285022358	1	16.5
transcript:AT4G25631.1	1	0	0	1	0.462242032346237	0.161247498026865	4.98956791914743	0.0323169261627002	0.974219311128875	0.994941598221685	1	241
transcript:AT4G26365.1	1	2	0	1	0.951060890221902	-1.47196546511813	3.60091108358855	-0.408775843376622	0.682704169114887	0.99376608161118	1	155
transcript:AT4G07625.1	10	2	0	1	2.90919447938037	-3.3906433187909	2.2447084238189	-1.51050500938667	0.130914612128044	0.99376608161118	1	27
transcript:AT4G07635.1	0	0	0	0	0	NA	NA	NA	1	1	1	269.5
transcript:AT4G08125.1	2	1	1	3	1.68415051126204	0.564684709541692	2.46639539323476	0.228951412693441	0.818906680116346	0.99376608161118	1	203
transcript:AT4G08155.1	5	2	3	1	2.63309863764609	-0.593521493005618	1.91824991834091	-0.30940780308697	0.757011335415975	0.99376608161118	1	176
transcript:AT4G08165.1	2	0	4	3	2.25149723456686	2.02996795959489	2.29414167271	0.884848561770359	0.37623831395867	0.99376608161118	1	71
transcript:AT4G08175.1	1	5	3	0	2.2513736957272	-0.835872914600828	2.31336028733771	-0.361324139251469	0.717857150411464	0.99376608161118	1	163
transcript:AT4G08235.1	5	5	4	8	5.34961374339644	0.402892888741808	1.18223588887294	0.340788917451913	0.733262494186012	0.99376608161118	1	167
transcript:AT4G08325.1	0	0	0	0	0	NA	NA	NA	1	1	1	269.5
transcript:AT4G08425.1	29	23	36	26	28.0334947298703	0.425756051552894	0.45780384019306	0.929996680179329	0.35237280336715	0.99376608161118	1	69
transcript:AT4G08615.1	2	0	0	1	0.679812431141622	-0.787752440148992	4.57353903948952	-0.1722413285089	0.863247807917844	0.99392293480449	1	218
transcript:AT4G08625.1	0	0	2	0	0.541170768161768	2.66694891012786	4.88759906564943	0.545656236181781	0.585302260164001	0.99376608161118	1	120
transcript:AT4G09475.1	4	4	8	1	4.2572740171308	0.371494592940739	1.46100917626882	0.25427259388574	0.799284971049799	0.99376608161118	1	195
transcript:AT4G39361.1	17	22	17	20	18.5690884165459	0.0711410979692826	0.555095676948268	0.128160064874569	0.898022303001024	0.994941598221685	1	223
transcript:AT4G09845.1	16	12	14	7	11.9149363399685	-0.233007802556032	0.741298884428221	-0.314323692441215	0.753275205476123	0.99376608161118	1	175
transcript:AT4G39363.1	22	26	36	28	27.7330734922178	0.575084118689173	0.461521632801431	1.24606102469871	0.212741992263301	0.99376608161118	1	42
transcript:AT4G39364.1	21	34	31	23	26.8944934367664	0.125225965198666	0.482113251934942	0.259743876975122	0.795061344954906	0.99376608161118	1	194
transcript:AT4G39366.1	25	21	35	31	27.6271670604865	0.686377880687403	0.455203292527254	1.50784911259469	0.131593149103412	0.99376608161118	1	28
transcript:AT5G00750.1	0	7	1	0	1.98145138664571	-2.69544547047984	2.86671356401167	-0.940256293589319	0.347086112616081	0.99376608161118	1	68
transcript:AT5G00755.1	1	5	4	0	2.52195907980809	-0.417856208750983	2.16563118926401	-0.192948924462522	0.846998968700416	0.99376608161118	1	213
transcript:AT5G00760.1	3	7	2	4	3.88343450131616	-0.623461139529112	1.49177293848674	-0.417933000019127	0.675996104128823	0.99376608161118	1	151
transcript:AT5G00765.1	4	2	2	0	1.90027122121897	-1.35274512473547	2.49979349726804	-0.541142748876597	0.588409194941452	0.99376608161118	1	121
transcript:AT5G01135.1	0	1	2	0	0.785580197099601	1.1671805859238	4.28536972567776	0.272364034059909	0.785342124339765	0.99376608161118	1	184
transcript:AT5G01145.1	2	4	0	0	1.4127785133421	-3.8970074919405	3.17172801281961	-1.22867013696932	0.219195507140897	0.99376608161118	1	45.5
transcript:AT5G01165.1	6	5	6	2	4.64032510904848	-0.270123208710727	1.32341037996369	-0.204111447817221	0.838266408589256	0.99376608161118	1	210
transcript:AT5G01195.1	8	12	12	1	8.16517258013854	-0.433753729303855	1.02828681023067	-0.421821737854006	0.673155137754875	0.99376608161118	1	150
transcript:AT5G01495.1	2	0	0	4	1.41382733179418	1.16046402467775	3.16678383390058	0.366448764912503	0.714030237294224	0.99376608161118	1	162
transcript:AT5G01505.1	5	1	0	0	1.33226142291476	-3.81916568446096	3.29319661936573	-1.15971383609538	0.246165335007604	0.99376608161118	1	51.5
transcript:AT5G01515.1	0	3	0	1	0.97789992036435	-1.52205315041443	3.86997199575087	-0.393298233704432	0.69409922264483	0.99376608161118	1	156
transcript:AT5G01785.1	3	9	0	4	3.83108259103006	-1.51244291323242	1.67306222770007	-0.903996807884154	0.365997094023558	0.99376608161118	1	70
transcript:AT5G10572.1	6	4	3	2	3.584159527868	-0.819246729081777	1.55043907195797	-0.528396596744169	0.597224099114933	0.99376608161118	1	123
transcript:AT5G13225.1	0	0	4	2	1.57168480342524	4.20896743112202	3.02650371768547	1.39070287821779	0.164315544478238	0.99376608161118	1	37
transcript:AT5G02295.1	0	0	0	0	0	NA	NA	NA	1	1	1	269.5
transcript:AT5G02305.1	0	1	0	0	0.244409428937833	-1.34521552935649	4.9874734092336	-0.269718837370844	0.787376567341956	0.99376608161118	1	188
transcript:AT5G02315.1	0	0	2	1	0.78584240171262	3.20916770843974	4.20898442639785	0.76245654137196	0.445787571354199	0.99376608161118	1	86.5
transcript:AT5G02325.1	0	2	6	7	3.82503259721693	2.81556030767344	1.74053518253686	1.61764056016938	0.105740082653948	0.99376608161118	1	20
transcript:AT5G02565.1	26	34	4	18	19.4531818928052	-1.32532629524701	0.612982717256499	-2.16209406552067	0.0306109263731272	0.966613977006737	1	7
transcript:AT5G02575.1	23	37	17	6	20.1152493736738	-1.22173352582184	0.601648083218033	-2.03064475712639	0.0422910440158454	0.966613977006737	1	10
transcript:AT5G02655.1	7	0	1	2	2.28292144275028	-1.00842252889293	2.3098921629289	-0.436566929433742	0.662425450558356	0.99376608161118	1	146
transcript:AT5G02665.1	4	5	2	2	3.12284277513418	-1.02043619690394	1.69915576860376	-0.600554825966576	0.5481365337338	0.99376608161118	1	110
transcript:AT5G02675.1	2	0	2	0	0.976311565752538	0.291869449882846	3.79807842717584	0.0768466095366739	0.938745571290094	0.994941598221685	1	233
transcript:AT5G02915.1	0	1	0	1	0.489081062488684	0.0764706855590588	4.98379003344299	0.0153438818742189	0.987757833923468	0.994941598221685	1	248
transcript:AT5G04425.1	1	9	3	2	3.71835467858024	-0.887468456713695	1.62580730174772	-0.545863249451322	0.585159942064021	0.99376608161118	1	119
transcript:AT5G04545.1	16	17	5	11	11.6804015621331	-0.905199623223981	0.754606834592485	-1.19956457022129	0.230308493408667	0.99376608161118	1	49
transcript:AT5G04945.1	0	0	0	0	0	NA	NA	NA	1	1	1	269.5
transcript:AT5G05375.1	0	0	0	0	0	NA	NA	NA	1	1	1	269.5
transcript:AT5G05385.1	0	0	0	0	0	NA	NA	NA	1	1	1	269.5
transcript:AT5G06115.1	0	2	0	1	0.733490491426517	-0.937174989572565	4.42017599196055	-0.21202209850402	0.832089794116346	0.99376608161118	1	209
transcript:AT5G41471.1	33	27	5	6	16.5998344632787	-2.28717829578096	0.670535379552393	-3.41097332896549	0.000647314230354214	0.0673935616594926	0.0770595705030852	2
transcript:AT5G06305.1	0	8	3	0	2.76703158374531	-1.27109530633953	4.24366593430531	-0.299527655102194	0.764537474314734	0.99376608161118	1	178
transcript:AT5G06565.1	0	0	0	0	0	NA	NA	NA	1	1	1	269.5
transcript:AT5G44286.1	3	0	0	0	0.652711196386155	-2.79111406640819	4.86079448324065	-0.57420943757889	0.565826083683863	0.99376608161118	1	113.5
transcript:AT5G06825.1	1	4	1	2	1.9551367657293	-0.63951797505913	2.30887351579449	-0.276982680378258	0.781793405115564	0.99376608161118	1	183
transcript:AT5G06835.1	1	0	0	0	0.217570398795385	-1.26045683859641	4.99324581909585	-0.252432362487743	0.800706888246764	0.99376608161118	1	197.5
transcript:AT5G07095.1	23	7	4	3	8.53134161183478	-1.90087926784184	0.991539436125668	-1.91709900643924	0.0552253548455096	0.968828285022358	1	14
transcript:AT5G07105.1	3	5	0	1	2.11942997462617	-2.87675162586859	2.52982036076689	-1.13713671946119	0.255481135769752	0.99376608161118	1	54
transcript:AT5G07725.1	5	9	11	4	7.24266261351055	0.264904101447369	1.01473762358324	0.2610567453998	0.794048747466727	0.99376608161118	1	193
transcript:AT5G51174.1	1	13	2	6	5.40409354445409	-0.735043495213636	1.34170593029396	-0.547842473240461	0.583800071870679	0.99376608161118	1	118
transcript:AT5G07735.1	0	4	0	1	1.22230934930218	-1.93664642103921	3.50409611374725	-0.552680736536128	0.580482046349289	0.99376608161118	1	116
transcript:AT5G52471.1	3	12	2	1	4.37146674535277	-2.19492090781476	1.54212350081276	-1.42331071840741	0.154646101192562	0.99376608161118	1	35
transcript:AT5G53902.1	43	44	19	32	33.0801565926303	-0.624772740452077	0.42754875918959	-1.46129003306271	0.143935863944808	0.99376608161118	1	32
transcript:AT5G54075.1	40	49	25	32	35.2730048454186	-0.496726631351766	0.413191591724008	-1.20217023119763	0.229297580399376	0.99376608161118	1	48
transcript:AT5G08495.1	9	22	6	9	11.1606980322338	-0.925952096927532	0.806130138518869	-1.14863847992188	0.250705083073825	0.99376608161118	1	53
transcript:AT5G08515.1	18	6	4	5	7.68842345602172	-1.22931456355549	0.993529940657536	-1.23732009801528	0.215968269321686	0.99376608161118	1	44
transcript:AT5G08525.1	5	1	3	3	2.87803247580997	0.20206248564996	1.80233936622336	0.112111231345606	0.910735212244278	0.994941598221685	1	227
transcript:AT5G08805.1	3	0	1	0	0.923296580467039	-1.30665795868223	3.96634493301838	-0.329436289770155	0.741825941928625	0.99376608161118	1	171
transcript:AT5G58595.1	1	1	0	0	0.461979827733218	-2.2865632464972	4.89227486387603	-0.467382416180438	0.64022630074185	0.99376608161118	1	137
transcript:AT5G08850.1	0	0	0	0	0	NA	NA	NA	1	1	1	269.5
transcript:AT5G08860.1	1	8	1	0	2.44343121437893	-3.04827092736931	2.45607731038367	-1.24111358974003	0.214563789964499	0.99376608161118	1	43
transcript:AT5G08865.1	2	11	8	3	6.02234248920656	-0.103488603043444	1.19555739042033	-0.0865609663514854	0.931020493733956	0.994941598221685	1	231
transcript:AT5G09000.1	0	0	0	0	0	NA	NA	NA	1	1	1	269.5
transcript:AT5G09005.1	0	0	0	0	0	NA	NA	NA	1	1	1	269.5
transcript:AT5G09020.1	2	0	0	0	0.43514079759077	-2.20864339729121	4.89817137640655	-0.450911825570207	0.652053100130378	0.99376608161118	1	142
transcript:AT5G09130.1	3	0	0	3	1.38672609703871	0.167681429723634	3.17307147665459	0.0528451473461362	0.957855289352054	0.994941598221685	1	235
transcript:AT5G09495.1	5	3	2	6	3.8302808502573	0.145944376514472	1.48764195150317	0.0981045044924983	0.921849310715777	0.994941598221685	1	229
transcript:AT5G09515.1	0	0	0	1	0.244671633550852	1.57974271602438	4.9938132011608	0.316339969556164	0.751744476293896	0.99376608161118	1	173
transcript:AT5G66562.1	5	2	1	1	2.09192786948433	-1.61921942446085	2.26169760157361	-0.715930999499779	0.47403395593732	0.99376608161118	1	91
transcript:AT5G66564.1	3	7	0	0	2.36357719895098	-4.6386438768119	2.51313115328836	-1.84576275326593	0.0649266609888985	0.968828285022358	1	15
transcript:AT5G66567.1	1	0	0	0	0.217570398795385	-1.26045683859641	4.99324581909585	-0.252432362487743	0.800706888246764	0.99376608161118	1	197.5
