ago1.1	ago1.2	deltaN.1	deltaN.2	baseMean	log2FC	lfcSE	stat	p.value	q.value	q.value_BH	ranking
transcript:at1g01046	4	11	5	13	8.02974102791877	0.478903770053884	1.21788347811945	0.393226263971794	0.694152373101647	0.930806914237344	1	86
transcript:at1g01183	0	0	0	0	0	NA	NA	NA	1	1	1	236
transcript:at1g04027	5	3	9	7	6.21024455222619	1.24714657088214	1.35503343940534	0.920380659704939	0.357373871728793	0.930806914237344	1	34
transcript:at1g04393	1	0	0	2	0.728972334795044	1.0953226886343	4.14274344442274	0.26439549137635	0.791475185319658	0.930806914237344	1	111
transcript:at1g04423	1	4	1	0	1.40792914512563	-1.9963154371138	2.98323886732845	-0.669177201657182	0.50338244751201	0.930806914237344	1	49
transcript:at1g07051	0	0	0	0	0	NA	NA	NA	1	1	1	236
transcript:at1g11735	1	0	0	4	1.22139615566363	2.09798782147718	3.39716905130454	0.61756944967797	0.536859188031138	0.930806914237344	1	52
transcript:at1g12294	2	0	1	2	1.25951880461901	0.750318835172898	2.9989908546598	0.250190437895821	0.802440079615681	0.930806914237344	1	112.5
transcript:at1g04993	0	0	0	0	0	NA	NA	NA	1	1	1	236
transcript:at1g14071	2	6	6	4	4.53800641792765	0.607962221068908	1.56862442271176	0.387576664156417	0.698329340924515	0.930806914237344	1	87
transcript:at1g18075	9	7	10	12	9.55887879130266	0.687767501478516	1.08194686396372	0.635675858386315	0.524987714694815	0.930806914237344	1	51
transcript:at1g18879	0	0	1	0	0.293997955897512	1.77576746210912	4.98250639573158	0.356400438066751	0.721540701354903	0.930806914237344	1	95
transcript:at1g19371	0	0	5	2	1.96241360035615	4.54337233045971	2.78260527012611	1.63277644128583	0.102516023614928	0.930806914237344	1	14
transcript:at1g19464	0	0	0	1	0.246211910434294	1.64642287773349	4.9910476562531	0.329875206795662	0.74149425797412	0.930806914237344	1	106.5
transcript:at1g20375	0	0	0	0	0	NA	NA	NA	1	1	1	236
transcript:at1g05627	0	0	0	0	0	NA	NA	NA	1	1	1	236
transcript:at1g21202	0	0	0	0	0	NA	NA	NA	1	1	1	236
transcript:at1g05637	0	0	0	0	0	NA	NA	NA	1	1	1	236
transcript:at1g26973	0	0	0	0	0	NA	NA	NA	1	1	1	236
transcript:at1g26975	0	0	0	0	0	NA	NA	NA	1	1	1	236
transcript:at1g26985	0	0	0	0	0	NA	NA	NA	1	1	1	236
transcript:at1g29265	0	0	0	0	0	NA	NA	NA	1	1	1	236
transcript:at1g31173	32	49	34	39	37.9156852255448	0.0955893706628938	0.578126000309018	0.165343490193833	0.868673629639861	0.930806914237344	1	133
transcript:at1g31358	0	0	0	0	0	NA	NA	NA	1	1	1	236
transcript:at1g06523	0	0	0	0	0	NA	NA	NA	1	1	1	236
transcript:at1g32582	0	0	0	0	0	NA	NA	NA	1	1	1	236
transcript:at1g06597	0	0	1	1	0.540209866331806	2.68729895668106	4.61955044813637	0.581723045749001	0.560753245849021	0.930806914237344	1	56
transcript:at1g32713	0	0	0	0	0	NA	NA	NA	1	1	1	236
transcript:at1g06623	0	0	0	0	0	NA	NA	NA	1	1	1	236
transcript:at1g32992	0	0	0	0	0	NA	NA	NA	1	1	1	236
transcript:at1g06643	606	685	556	637	613.900033010504	0.125324069129225	0.233118510348446	0.53759810382239	0.590854539598317	0.930806914237344	1	63
transcript:at1g06647	652	719	541	646	630.044955246631	0.0282074786117761	0.231319201263301	0.121941794964391	0.902945115003558	0.930806914237344	1	140
transcript:at1g06653	0	0	0	0	0	NA	NA	NA	1	1	1	236
transcript:at1g06903	0	0	0	0	0	NA	NA	NA	1	1	1	236
transcript:at1g35501	0	0	0	0	0	NA	NA	NA	1	1	1	236
transcript:at1g07137	1	6	0	1	1.79883443731324	-2.56037836625934	2.76044707991295	-0.927523075841786	0.353655016365129	0.930806914237344	1	33
transcript:at1g07243	1	0	0	0	0.236548513926456	-1.24168538225085	4.99090406823359	-0.2487896712249	0.803523481123343	0.930806914237344	1	116
transcript:at1g07283	0	0	0	0	0	NA	NA	NA	1	1	1	236
transcript:at1g07357	0	0	0	0	0	NA	NA	NA	1	1	1	236
transcript:at1g48267	0	0	0	0	0	NA	NA	NA	1	1	1	236
transcript:at1g48742	0	0	1	0	0.293997955897512	1.77576746210912	4.98250639573158	0.356400438066751	0.721540701354903	0.930806914237344	1	95
transcript:at1g07613	12	15	5	12	10.5532999041978	-0.461261694748437	1.04752235153735	-0.440335897435972	0.659693844945713	0.930806914237344	1	77
transcript:at1g07633	0	0	0	2	0.492423820868588	2.56729526356959	4.90148962959027	0.523778577041323	0.600432555381471	0.930806914237344	1	65.5
transcript:at1g07727	0	0	0	0	0	NA	NA	NA	1	1	1	236
transcript:at1g52185	0	2	0	0	0.438691337650831	-2.15309790087982	4.89603885787252	-0.439763237870911	0.660108595903426	0.930806914237344	1	80
transcript:at1g07867	137	212	51	66	110.152310038349	-1.33631710722129	0.393463764467798	-3.39629014892592	0.000683059113283805	0.0249316576348589	0.0554985529543092	4
transcript:at1g53683	0	0	0	0	0	NA	NA	NA	1	1	1	236
transcript:at1g53687	0	0	0	0	0	NA	NA	NA	1	1	1	236
transcript:at1g08053	0	0	0	0	0	NA	NA	NA	1	1	1	236
transcript:at1g55591	0	0	0	0	0	NA	NA	NA	1	1	1	236
transcript:at1g08157	0	0	0	0	0	NA	NA	NA	1	1	1	236
transcript:at1g08163	0	0	0	0	0	NA	NA	NA	1	1	1	236
transcript:at1g08287	4	4	0	9	4.03948392491613	0.300427672441843	1.83152223014773	0.164031682224033	0.869706202791513	0.930806914237344	1	134
transcript:at1g60025	0	0	0	0	0	NA	NA	NA	1	1	1	236
transcript:at1g60072	0	0	0	0	0	NA	NA	NA	1	1	1	236
transcript:at1g60073	0	0	0	0	0	NA	NA	NA	1	1	1	236
transcript:at1g08303	0	0	0	0	0	NA	NA	NA	1	1	1	236
transcript:at1g08337	0	0	0	0	0	NA	NA	NA	1	1	1	236
transcript:at1g08343	0	0	0	0	0	NA	NA	NA	1	1	1	236
transcript:at1g61224	1	1	0	0	0.455894182751871	-2.20330271046732	4.8922747779285	-0.450363646867816	0.652448253033207	0.930806914237344	1	75
transcript:at1g61226	0	0	0	0	0	NA	NA	NA	1	1	1	236
transcript:at1g61732	0	0	0	0	0	NA	NA	NA	1	1	1	236
transcript:at1g62035	0	0	7	1	2.30419760171688	4.77206251866911	2.6949710968008	1.77072864504337	0.0766058366420056	0.930806914237344	1	11
transcript:at1g62355	7	6	2	7	5.28339289527276	-0.347964510225462	1.45724804699286	-0.238781936228024	0.811274677920609	0.930806914237344	1	119
transcript:at1g63005	0	0	0	0	0	NA	NA	NA	1	1	1	236
transcript:at1g08597	175	143	91	115	127.830604265782	-0.400648508692247	0.360785947945008	-1.11048811899214	0.266788745023966	0.930806914237344	1	26
transcript:at1g08783	0	0	0	0	0	NA	NA	NA	1	1	1	236
transcript:at1g08793	1	3	1	1	1.43479538673451	-0.734889449582016	2.66614739383263	-0.275637217687954	0.782826721008912	0.930806914237344	1	110
transcript:at1g08813	0	0	0	1	0.246211910434294	1.64642287773349	4.9910476562531	0.329875206795662	0.74149425797412	0.930806914237344	1	106.5
transcript:at1g66725	61	57	17	13	35.130882558466	-1.72421317797251	0.624829423401042	-2.75949421297632	0.00578909124482664	0.169041464348938	0.376290930913732	5
transcript:at1g66783	1	1	0	1	0.702106093186165	-0.794189959596207	3.87302417296392	-0.20505680422553	0.837527744487083	0.930806914237344	1	128.5
transcript:at1g66795	0	1	0	0	0.219345668825415	-1.18670155797119	4.99472609170708	-0.237590918136935	0.81219839512009	0.930806914237344	1	123
transcript:at1g67195	116	120	138	109	121.169924025713	0.323447899807141	0.377265039382122	0.857349253291208	0.391251895872134	0.930806914237344	1	39
transcript:at1g67481	0	0	0	0	0	NA	NA	NA	1	1	1	236
transcript:at1g69792	0	0	0	0	0	NA	NA	NA	1	1	1	236
transcript:at1g69795	0	0	0	0	0	NA	NA	NA	1	1	1	236
transcript:at1g69797	0	0	0	0	0	NA	NA	NA	1	1	1	236
transcript:at1g70645	1	1	0	1	0.702106093186165	-0.794189959596207	3.87302417296392	-0.20505680422553	0.837527744487083	0.930806914237344	1	128.5
transcript:at1g09213	0	0	0	0	0	NA	NA	NA	1	1	1	236
transcript:at1g71002	0	0	0	0	0	NA	NA	NA	1	1	1	236
transcript:at1g73687	0	0	0	0	0	NA	NA	NA	1	1	1	236
transcript:at1g09473	44	39	19	30	31.9349341720368	-0.543260659119406	0.624661247918974	-0.86968842861511	0.38447069757554	0.930806914237344	1	37
transcript:at1g76062	28	22	15	18	20.2907468303799	-0.371472897442482	0.762858457149106	-0.48694865208773	0.626294719743474	0.930806914237344	1	69
transcript:at1g76135	0	0	2	0	0.587995911795024	2.79988267449643	4.88429283046839	0.573242180941868	0.566480727846196	0.930806914237344	1	59
transcript:at1g09687	20	39	51	28	35.1732806056537	0.711858172031279	0.652732202623336	1.09058227734179	0.27545673139556	0.930806914237344	1	28
transcript:at1g77235	0	0	1	0	0.293997955897512	1.77576746210912	4.98250639573158	0.356400438066751	0.721540701354903	0.930806914237344	1	95
transcript:at1g78206	3	3	2	2	2.44810228091923	-0.342482956100244	2.04603173946719	-0.167388877451838	0.867064076215918	0.930806914237344	1	132
transcript:at1g78478	6	1	6	4	4.3874721295064	0.748988693404121	1.64339746693212	0.455756266195497	0.648565256143405	0.930806914237344	1	74
transcript:at1g09817	0	0	0	0	0	NA	NA	NA	1	1	1	236
transcript:at2g03855	25	21	25	27	24.5176423726589	0.412231305375418	0.69686047880231	0.591555006941874	0.554148610307213	0.930806914237344	1	53
transcript:at2g02741	6	4	2	1	3.13088158108971	-1.47683055532663	1.90644699040019	-0.77465073131492	0.438546071338551	0.930806914237344	1	43
transcript:at2g03445	0	0	0	0	0	NA	NA	NA	1	1	1	236
transcript:at2g04935	0	0	0	0	0	NA	NA	NA	1	1	1	236
transcript:at2g05415	0	0	0	0	0	NA	NA	NA	1	1	1	236
transcript:at2g05455	0	1	0	0	0.219345668825415	-1.18670155797119	4.99472609170708	-0.237590918136935	0.81219839512009	0.930806914237344	1	123
transcript:at2g10606	1	2	4	1	2.09744358560163	1.05684285991374	2.27950599909422	0.46362802306012	0.642914273493647	0.930806914237344	1	70
transcript:at2g05605	0	0	0	0	0	NA	NA	NA	1	1	1	236
transcript:at2g05615	0	0	0	0	0	NA	NA	NA	1	1	1	236
transcript:at2g05815	0	1	3	1	1.34755144695225	2.31166975016346	3.04669021245641	0.758747883428444	0.448003387090494	0.930806914237344	1	44
transcript:at2g16145	0	0	0	0	0	NA	NA	NA	1	1	1	236
transcript:at2g06665	0	0	0	0	0	NA	NA	NA	1	1	1	236
transcript:at2g07195	0	1	0	0	0.219345668825415	-1.18670155797119	4.99472609170708	-0.237590918136935	0.81219839512009	0.930806914237344	1	123
transcript:at2g19425	0	0	0	0	0	NA	NA	NA	1	1	1	236
transcript:at2g07205	0	0	0	0	0	NA	NA	NA	1	1	1	236
transcript:at2g07315	0	0	0	0	0	NA	NA	NA	1	1	1	236
transcript:at2g22496	0	3	0	0	0.658037006476246	-2.73679766457116	4.65468424337551	-0.58796634131867	0.556554885314696	0.930806914237344	1	54
transcript:at2g22668	0	0	0	0	0	NA	NA	NA	1	1	1	236
transcript:at2g07895	0	0	0	0	0	NA	NA	NA	1	1	1	236
transcript:at2g23347	0	7	1	2	2.32184145854401	-0.96407056818025	2.37023664825675	-0.406740216800419	0.684198799390853	0.930806914237344	1	84
transcript:at2g07915	0	0	0	0	0	NA	NA	NA	1	1	1	236
transcript:at2g07910	0	0	0	0	0	NA	NA	NA	1	1	1	236
transcript:at2g24103	0	0	0	0	0	NA	NA	NA	1	1	1	236
transcript:at2g08015	0	0	0	0	0	NA	NA	NA	1	1	1	236
transcript:at2g08035	0	0	0	0	0	NA	NA	NA	1	1	1	236
transcript:at2g25011	0	0	0	0	0	NA	NA	NA	1	1	1	236
transcript:at2g25095	5	1	4	2	3.07050388291633	0.248144344175978	1.91397153309556	0.129648921044631	0.89684419645648	0.930806914237344	1	137
transcript:at2g25171	0	0	0	0	0	NA	NA	NA	1	1	1	236
transcript:at2g26211	3	2	3	2	2.52275456799132	0.254594256904046	2.02505805239805	0.125721954786708	0.899952022352699	0.930806914237344	1	138
transcript:at2g28056	0	0	0	0	0	NA	NA	NA	1	1	1	236
transcript:at2g08235	55	33	45	40	43.3269597699536	0.188167356906111	0.569337526954891	0.330502290816007	0.741020461967523	0.930806914237344	1	103
transcript:at2g08275	0	0	0	0	0	NA	NA	NA	1	1	1	236
transcript:at2g32273	0	0	0	0	0	NA	NA	NA	1	1	1	236
transcript:at2g32698	0	0	0	0	0	NA	NA	NA	1	1	1	236
transcript:at2g08555	6	9	8	9	7.96129294407622	0.426336495338888	1.17585756214678	0.36257494875529	0.716922426617378	0.930806914237344	1	88
transcript:at2g34202	7	16	4	2	6.83378594315047	-1.64993962267957	1.35116511598518	-1.2211236089207	0.222039222028428	0.930806914237344	1	23
transcript:at2g34204	0	0	0	0	0	NA	NA	NA	1	1	1	236
transcript:at2g34208	0	0	0	0	0	NA	NA	NA	1	1	1	236
transcript:at2g08855	1	0	2	0	0.82454442572148	1.31794869776113	3.95515015884377	0.333223428904254	0.738965634059215	0.930806914237344	1	101.5
transcript:at2g38325	0	0	0	0	0	NA	NA	NA	1	1	1	236
transcript:at2g39175	0	0	0	0	0	NA	NA	NA	1	1	1	236
transcript:at2g09080	0	0	0	0	0	NA	NA	NA	1	1	1	236
transcript:at2g39885	0	2	0	0	0.438691337650831	-2.15309790087982	4.89603885787252	-0.439763237870911	0.660108595903426	0.930806914237344	1	80
transcript:at2g09120	0	0	0	0	0	NA	NA	NA	1	1	1	236
transcript:at2g09150	0	0	0	0	0	NA	NA	NA	1	1	1	236
transcript:at2g40805	0	0	0	0	0	NA	NA	NA	1	1	1	236
transcript:at2g41616	0	0	0	0	0	NA	NA	NA	1	1	1	236
transcript:at2g09340	26	64	20	20	30.9925814935506	-0.906665876527091	0.677340153714431	-1.33856803196307	0.180711338996762	0.930806914237344	1	21
transcript:at2g09670	1	4	0	2	1.60635501009671	-1.14698888359347	2.72477971496328	-0.420947380551433	0.673793505967675	0.930806914237344	1	83
transcript:at2g46255	0	0	0	0	0	NA	NA	NA	1	1	1	236
transcript:at2g46685	1	2	3	5	2.78829327144129	1.64384668469886	1.994948051427	0.824004757178015	0.409936854931305	0.930806914237344	1	40
transcript:at2g47015	39	22	26	32	29.5737247445236	0.146671580610762	0.662485820585059	0.221395803582984	0.824784259621576	0.930806914237344	1	127
transcript:at2g47275	0	0	1	0	0.293997955897512	1.77576746210912	4.98250639573158	0.356400438066751	0.721540701354903	0.930806914237344	1	95
transcript:at2g47585	0	0	0	2	0.492423820868588	2.56729526356959	4.90148962959027	0.523778577041323	0.600432555381471	0.930806914237344	1	65.5
transcript:at2g09995	0	0	1	2	0.7864217767661	3.23348835552115	3.94376246934545	0.819899367838404	0.412273477188314	0.930806914237344	1	41
transcript:at3g04765	0	0	0	0	0	NA	NA	NA	1	1	1	236
transcript:at3g09285	0	0	0	0	0	NA	NA	NA	1	1	1	236
transcript:at3g10745	0	1	2	2	1.29976540148903	2.25709574349287	3.05413710459091	0.739028951941958	0.45988941713366	0.930806914237344	1	45
transcript:at3g11435	0	0	0	0	0	NA	NA	NA	1	1	1	236
transcript:at3g13405	2	0	6	17	6.42268724062098	3.68829532869319	1.66513638078667	2.21501095721103	0.026759312446028	0.558122802445728	1	7
transcript:at3g13724	0	0	1	0	0.293997955897512	1.77576746210912	4.98250639573158	0.356400438066751	0.721540701354903	0.930806914237344	1	95
transcript:at3g14385	0	0	0	0	0	NA	NA	NA	1	1	1	236
transcript:at3g03235	0	0	0	0	0	NA	NA	NA	1	1	1	236
transcript:at3g03245	0	0	0	0	0	NA	NA	NA	1	1	1	236
transcript:at3g03255	0	0	0	0	0	NA	NA	NA	1	1	1	236
transcript:at3g03625	3	0	7	4	3.75247887479913	2.11285661205175	1.909498020852	1.10649845612776	0.268510831885513	0.930806914237344	1	27
transcript:at3g18217	4	15	3	11	7.82670397055682	-0.230883122309064	1.27059665331276	-0.181712364586428	0.855808461988235	0.930806914237344	1	130
transcript:at3g18827	0	0	0	0	0	NA	NA	NA	1	1	1	236
transcript:at3g18895	0	0	0	0	0	NA	NA	NA	1	1	1	236
transcript:at3g22886	2	0	4	3	2.38772458274584	2.03148916707549	2.31021363926722	0.879351213474727	0.379210875669581	0.930806914237344	1	36
transcript:at3g23125	0	0	0	1	0.246211910434294	1.64642287773349	4.9910476562531	0.329875206795662	0.74149425797412	0.930806914237344	1	106.5
transcript:at3g23326	0	2	2	0	1.02668724944585	0.393435342392813	3.54705762752178	0.110918790644992	0.911680744766714	0.930806914237344	1	142.5
transcript:at3g04655	0	0	0	0	0	NA	NA	NA	1	1	1	236
transcript:at3g26812	0	0	0	0	0	NA	NA	NA	1	1	1	236
transcript:at3g26813	0	0	0	1	0.246211910434294	1.64642287773349	4.9910476562531	0.329875206795662	0.74149425797412	0.930806914237344	1	106.5
transcript:at3g26815	0	2	2	0	1.02668724944585	0.393435342392813	3.54705762752178	0.110918790644992	0.911680744766714	0.930806914237344	1	142.5
transcript:at3g26816	0	0	0	0	0	NA	NA	NA	1	1	1	236
transcript:at3g26818	5	4	0	3	2.79876097623682	-1.44142434469356	2.11660749554221	-0.681006916837128	0.495867113778068	0.930806914237344	1	48
transcript:at3g26819	2	0	0	0	0.473097027852911	-2.25211744126968	4.88873572896609	-0.460674817811429	0.645031924586514	0.930806914237344	1	72
transcript:at3g05515	0	0	0	0	0	NA	NA	NA	1	1	1	236
transcript:at3g05985	0	0	0	0	0	NA	NA	NA	1	1	1	236
transcript:at3g06345	121	49	145	104	107.606050247852	0.79364875135443	0.480602701135458	1.6513614040857	0.0986648008878202	0.930806914237344	1	13
transcript:at3g06445	0	2	0	0	0.438691337650831	-2.15309790087982	4.89603885787252	-0.439763237870911	0.660108595903426	0.930806914237344	1	80
transcript:at3g06595	0	0	0	0	0	NA	NA	NA	1	1	1	236
transcript:at3g44444	0	0	0	0	0	NA	NA	NA	1	1	1	236
transcript:at3g07065	0	0	0	0	0	NA	NA	NA	1	1	1	236
transcript:at3g07095	0	0	0	0	0	NA	NA	NA	1	1	1	236
transcript:at3g07515	0	0	0	0	0	NA	NA	NA	1	1	1	236
transcript:at3g07685	0	0	0	0	0	NA	NA	NA	1	1	1	236
transcript:at3g07695	0	0	0	0	0	NA	NA	NA	1	1	1	236
transcript:at3g07755	0	0	0	0	0	NA	NA	NA	1	1	1	236
transcript:at3g48057	0	0	0	0	0	NA	NA	NA	1	1	1	236
transcript:at3g48201	0	2	0	1	0.684903248085125	-0.747071074517008	4.2378354071585	-0.176286005174968	0.860069256110029	0.930806914237344	1	131
transcript:at3g08150	0	1	0	0	0.219345668825415	-1.18670155797119	4.99472609170708	-0.237590918136935	0.81219839512009	0.930806914237344	1	123
transcript:at3g51375	1	0	0	0	0.236548513926456	-1.24168538225085	4.99090406823359	-0.2487896712249	0.803523481123343	0.930806914237344	1	116
transcript:at3g08285	0	0	0	0	0	NA	NA	NA	1	1	1	236
transcript:at3g53015	0	0	0	0	0	NA	NA	NA	1	1	1	236
transcript:at3g53016	0	0	0	0	0	NA	NA	NA	1	1	1	236
transcript:at3g55512	0	0	0	0	0	NA	NA	NA	1	1	1	236
transcript:at3g55734	0	0	0	0	0	NA	NA	NA	1	1	1	236
transcript:at3g59884	4	7	1	0	2.77561169338124	-3.16995060717302	2.35365679294238	-1.34681939043889	0.178038408127192	0.930806914237344	1	20
transcript:at3g09515	0	0	0	1	0.246211910434294	1.64642287773349	4.9910476562531	0.329875206795662	0.74149425797412	0.930806914237344	1	106.5
transcript:at3g09615	2	5	0	6	3.04709683458575	-0.0687059822905279	2.0545856446948	-0.0334403106864566	0.973323464346262	0.980036039962444	1	145
transcript:at3g61897	9	5	1	1	3.76587483579698	-2.58137743643871	1.87829230686605	-1.37432146583498	0.169341905085616	0.930806914237344	1	18
transcript:at3g63375	1	1	5	6	3.4031554248452	2.69356548418809	1.93610942415291	1.39122585251946	0.164156950069992	0.930806914237344	1	17
transcript:at4g00885	0	0	0	0	0	NA	NA	NA	1	1	1	236
transcript:at4g04095	0	0	0	0	0	NA	NA	NA	1	1	1	236
transcript:at4g04125	3875	3769	1590	1304	2531.85639835137	-1.14520738710866	0.237307669385834	-4.82583386399827	1.39418695043432e-06	0.000203551294763411	0.000453110758891155	1
transcript:at4g03039	0	0	0	0	0	NA	NA	NA	1	1	1	236
transcript:at4g04365	0	0	0	0	0	NA	NA	NA	1	1	1	236
transcript:at4g03438	0	1	0	0	0.219345668825415	-1.18670155797119	4.99472609170708	-0.237590918136935	0.81219839512009	0.930806914237344	1	123
transcript:at4g03445	5	2	8	13	7.17417239010903	1.7863203888244	1.30418146875612	1.36968698882688	0.170784631972673	0.930806914237344	1	19
transcript:at4g03455	0	2	0	0	0.438691337650831	-2.15309790087982	4.89603885787252	-0.439763237870911	0.660108595903426	0.930806914237344	1	80
transcript:at4g04825	0	0	0	0	0	NA	NA	NA	1	1	1	236
transcript:at4g04835	1	6	0	2	2.04504634774754	-1.62141681619545	2.50354772243885	-0.647647656828341	0.51721286611364	0.930806914237344	1	50
transcript:at4g05105	0	0	0	0	0	NA	NA	NA	1	1	1	236
transcript:at4g05508	0	0	0	1	0.246211910434294	1.64642287773349	4.9910476562531	0.329875206795662	0.74149425797412	0.930806914237344	1	106.5
transcript:at4g05305	0	0	0	0	0	NA	NA	NA	1	1	1	236
transcript:at4g08116	0	0	0	0	0	NA	NA	NA	1	1	1	236
transcript:at4g05415	0	0	0	0	0	NA	NA	NA	1	1	1	236
transcript:at4g05455	0	0	0	0	0	NA	NA	NA	1	1	1	236
transcript:at4g10345	0	0	0	0	0	NA	NA	NA	1	1	1	236
transcript:at4g05800	0	0	0	0	0	NA	NA	NA	1	1	1	236
transcript:at4g05855	0	0	0	0	0	NA	NA	NA	1	1	1	236
transcript:at4g05860	0	0	0	0	0	NA	NA	NA	1	1	1	236
transcript:at4g05925	0	0	0	0	0	NA	NA	NA	1	1	1	236
transcript:at4g05930	0	0	0	0	0	NA	NA	NA	1	1	1	236
transcript:at4g06075	5	0	2	7	3.49422185446736	0.985896247201745	1.96163797230221	0.502588276288657	0.615253773575128	0.930806914237344	1	68
transcript:at4g13493	37	29	35	40	35.2517242850006	0.41519775493962	0.595243801067026	0.697525541963381	0.485473960488974	0.930806914237344	1	47
transcript:at4g13494	44	32	35	58	41.9974152767793	0.500363253352177	0.564682836665549	0.886096089455845	0.375565750120382	0.930806914237344	1	35
transcript:at4g13554	11	3	0	0	3.26007065966726	-5.03905376840999	2.36603893154207	-2.12974254194786	0.0331928746911387	0.605769963113281	1	8
transcript:at4g13555	4	2	0	0	1.38488539335665	-3.80480359188784	3.13682294087442	-1.21294815282982	0.225149643772037	0.930806914237344	1	24
transcript:at4g06110	0	0	5	1	1.71620168992185	4.34752343194996	2.95793120417331	1.46978517479247	0.141619945597056	0.930806914237344	1	16
transcript:at4g13564	0	0	2	7	2.31147928483508	4.79168833385188	2.63061159110454	1.82151114594608	0.0685291939482953	0.930806914237344	1	10
transcript:at4g06130	0	0	1	0	0.293997955897512	1.77576746210912	4.98250639573158	0.356400438066751	0.721540701354903	0.930806914237344	1	95
transcript:at4g14504	4	1	5	0	2.6355295040188	0.320379479938833	2.23938243352546	0.143065996741994	0.886238059313934	0.930806914237344	1	136
transcript:at4g06260	2	0	0	0	0.473097027852911	-2.25211744126968	4.88873572896609	-0.460674817811429	0.645031924586514	0.930806914237344	1	72
transcript:at4g14811	0	0	0	0	0	NA	NA	NA	1	1	1	236
transcript:at4g17788	3	0	0	2	1.20206936264796	-0.495473397648884	3.31810960015866	-0.149323999914045	0.881297978383153	0.930806914237344	1	135
transcript:at4g06865	2	3	7	4	4.17396736734892	1.41832720922086	1.64407212454991	0.862691598526526	0.388307052856063	0.930806914237344	1	38
transcript:at4g19395	0	4	10	1	4.06357414471108	1.83520554284718	1.94164296200208	0.945181775827034	0.344566081795636	0.930806914237344	1	32
transcript:at4g06915	0	0	0	0	0	NA	NA	NA	1	1	1	236
transcript:at4g07000	0	0	0	0	0	NA	NA	NA	1	1	1	236
transcript:at4g07005	0	0	0	0	0	NA	NA	NA	1	1	1	236
transcript:at4g21362	0	0	0	0	0	NA	NA	NA	1	1	1	236
transcript:at4g21595	0	0	0	0	0	NA	NA	NA	1	1	1	236
transcript:at4g07080	3	6	0	0	2.02571955473186	-4.35653292141282	2.72472560087115	-1.59888868076108	0.109845339578397	0.930806914237344	1	15
transcript:at4g07100	0	0	0	0	0	NA	NA	NA	1	1	1	236
transcript:at4g23375	0	0	0	0	0	NA	NA	NA	1	1	1	236
transcript:at4g23387	0	0	0	2	0.492423820868588	2.56729526356959	4.90148962959027	0.523778577041323	0.600432555381471	0.930806914237344	1	65.5
transcript:at4g23713	0	0	0	0	0	NA	NA	NA	1	1	1	236
transcript:at4g24415	43	47	15	20	29.8150400807807	-1.13185677104862	0.645796876072465	-1.75265135677369	0.0796618700950857	0.930806914237344	1	12
transcript:at4g07565	0	0	0	0	0	NA	NA	NA	1	1	1	236
transcript:at4g27765	0	0	1	0	0.293997955897512	1.77576746210912	4.98250639573158	0.356400438066751	0.721540701354903	0.930806914237344	1	95
transcript:at4g08335	20	21	20	26	21.6186981131047	0.396482127362192	0.734006838364041	0.540161353599748	0.589085762027917	0.930806914237344	1	62
transcript:at4g30972	0	0	0	0	0	NA	NA	NA	1	1	1	236
transcript:at4g31877	2	0	1	2	1.25951880461901	0.750318835172898	2.9989908546598	0.250190437895821	0.802440079615681	0.930806914237344	1	112.5
transcript:at4g32445	0	0	0	0	0	NA	NA	NA	1	1	1	236
transcript:at4g09735	0	0	0	0	0	NA	NA	NA	1	1	1	236
transcript:at4g09925	98	127	61	75	87.4384228979407	-0.487905822909486	0.40712187665806	-1.19842693523266	0.230750851660608	0.930806914237344	1	25
transcript:at5g01747	0	0	1	1	0.540209866331806	2.68729895668106	4.61955044813637	0.581723045749001	0.560753245849021	0.930806914237344	1	56
transcript:at5g02035	0	0	0	0	0	NA	NA	NA	1	1	1	236
transcript:at5g03552	38	36	36	42	37.8101142574711	0.309809682235266	0.570817599525269	0.542747249722022	0.587303837135402	0.930806914237344	1	61
transcript:at5g04275	0	0	0	0	0	NA	NA	NA	1	1	1	236
transcript:at5g08185	5	3	3	4	3.70762108553824	0.0246004485821128	1.68876898332595	0.0145670892969999	0.98837755540284	0.98837755540284	1	146
transcript:at5g08210	38	43	23	51	37.73946770649	0.0746435406634998	0.596766699520507	0.125079936134967	0.900460267186468	0.930806914237344	1	139
transcript:at5g08712	0	1	0	0	0.219345668825415	-1.18670155797119	4.99472609170708	-0.237590918136935	0.81219839512009	0.930806914237344	1	123
transcript:at5g08717	0	0	0	0	0	NA	NA	NA	1	1	1	236
transcript:at5g01735	0	0	0	0	0	NA	NA	NA	1	1	1	236
transcript:at5g01745	0	1	0	0	0.219345668825415	-1.18670155797119	4.99472609170708	-0.237590918136935	0.81219839512009	0.930806914237344	1	123
transcript:at5g01755	0	0	0	0	0	NA	NA	NA	1	1	1	236
transcript:at5g10945	0	0	1	0	0.293997955897512	1.77576746210912	4.98250639573158	0.356400438066751	0.721540701354903	0.930806914237344	1	95
transcript:at5g01915	20	11	9	12	12.7442971638978	-0.347009488006283	0.961373025985005	-0.360951970387086	0.718135351998132	0.930806914237344	1	89
transcript:at5g11977	0	0	2	0	0.587995911795024	2.79988267449643	4.88429283046839	0.573242180941868	0.566480727846196	0.930806914237344	1	59
transcript:at5g13887	0	0	2	2	1.08041973266361	3.6873510470967	3.45784511101182	1.06637253223228	0.286255273304532	0.930806914237344	1	29
transcript:at5g14545	6	20	55	70	39.2109257648308	2.51551741874578	0.65000106235212	3.87002047295588	0.000108826214010307	0.0060503931718953	0.0134683409648354	2
transcript:at5g14565	3	13	4	5	5.96819061227129	-0.569029861601733	1.40737040298805	-0.40432132180242	0.685976448319644	0.930806914237344	1	85
transcript:at5g15833	0	2	0	0	0.438691337650831	-2.15309790087982	4.89603885787252	-0.439763237870911	0.660108595903426	0.930806914237344	1	80
transcript:at5g03145	0	0	0	0	0	NA	NA	NA	1	1	1	236
transcript:at5g03225	0	0	0	0	0	NA	NA	NA	1	1	1	236
transcript:at5g03265	5	9	3	0	4.03884745675355	-1.88454549159418	1.84515208124867	-1.02134968209171	0.307088795848314	0.930806914237344	1	31
transcript:at5g03305	0	0	0	0	0	NA	NA	NA	1	1	1	236
transcript:at5g03425	0	0	0	0	0	NA	NA	NA	1	1	1	236
transcript:at5g03475	6	0	7	2	3.96970059570991	0.845435499788541	1.88720532642173	0.447982785949181	0.654165620064919	0.930806914237344	1	76
transcript:at5g23065	1	0	2	0	0.82454442572148	1.31794869776113	3.95515015884377	0.333223428904254	0.738965634059215	0.930806914237344	1	101.5
transcript:at5g24825	0	0	0	0	0	NA	NA	NA	1	1	1	236
transcript:at5g04145	0	0	0	0	0	NA	NA	NA	1	1	1	236
transcript:at5g26038	187	181	85	76	127.638069605942	-0.944716102080364	0.363981137428065	-2.59550840671537	0.00944510923574082	0.229830991403027	0.511610083602628	6
transcript:at5g26147	0	0	0	0	0	NA	NA	NA	1	1	1	236
transcript:at5g04255	1	0	0	0	0.236548513926456	-1.24168538225085	4.99090406823359	-0.2487896712249	0.803523481123343	0.930806914237344	1	116
transcript:at5g04415	302	490	126	165	256.585736594988	-1.20367789222012	0.313666823026527	-3.83744088904909	0.000124323147367712	0.0060503931718953	0.0134683409648354	3
transcript:at5g27807	0	0	0	2	0.492423820868588	2.56729526356959	4.90148962959027	0.523778577041323	0.600432555381471	0.930806914237344	1	65.5
transcript:at5g04915	0	0	0	0	0	NA	NA	NA	1	1	1	236
transcript:at5g04935	0	0	0	3	0.738635731302882	3.15026177077411	4.43706304359993	0.709988057374593	0.477711542079042	0.930806914237344	1	46
transcript:at5g04955	0	0	0	0	0	NA	NA	NA	1	1	1	236
transcript:at5g04965	0	0	0	0	0	NA	NA	NA	1	1	1	236
transcript:at5g04975	0	0	0	0	0	NA	NA	NA	1	1	1	236
transcript:at5g04985	0	0	0	0	0	NA	NA	NA	1	1	1	236
transcript:at5g04995	0	0	0	0	0	NA	NA	NA	1	1	1	236
transcript:at5g05005	0	0	0	0	0	NA	NA	NA	1	1	1	236
transcript:at5g05035	0	0	0	0	0	NA	NA	NA	1	1	1	236
transcript:at5g35407	0	0	0	0	0	NA	NA	NA	1	1	1	236
transcript:at5g05185	0	0	0	0	0	NA	NA	NA	1	1	1	236
transcript:at5g05315	0	0	0	0	0	NA	NA	NA	1	1	1	236
transcript:at5g05505	0	0	0	0	0	NA	NA	NA	1	1	1	236
transcript:at5g05915	0	0	0	0	0	NA	NA	NA	1	1	1	236
transcript:at5g39635	0	0	2	0	0.587995911795024	2.79988267449643	4.88429283046839	0.573242180941868	0.566480727846196	0.930806914237344	1	59
transcript:at5g39693	0	0	1	0	0.293997955897512	1.77576746210912	4.98250639573158	0.356400438066751	0.721540701354903	0.930806914237344	1	95
transcript:at5g40384	0	0	4	0	1.17599182359005	3.80051210317588	3.69251285364362	1.02924817158746	0.303363071182862	0.930806914237344	1	30
transcript:at5g06105	0	0	0	0	0	NA	NA	NA	1	1	1	236
transcript:at5g06175	0	0	0	0	0	NA	NA	NA	1	1	1	236
transcript:at5g41663	0	0	1	1	0.540209866331806	2.68729895668106	4.61955044813637	0.581723045749001	0.560753245849021	0.930806914237344	1	56
transcript:at5g41905	0	0	1	0	0.293997955897512	1.77576746210912	4.98250639573158	0.356400438066751	0.721540701354903	0.930806914237344	1	95
transcript:at5g43603	0	0	0	0	0	NA	NA	NA	1	1	1	236
transcript:at5g06605	4	0	0	0	0.946194055705823	-3.25315189027522	4.01604556418226	-0.810038591018233	0.417917996373173	0.930806914237344	1	42
transcript:at5g45307	0	0	0	0	0	NA	NA	NA	1	1	1	236
transcript:at5g46845	1	0	8	0	2.58853216110655	3.33639051969173	2.67825337114497	1.24573371423234	0.212862171910235	0.930806914237344	1	22
transcript:at5g07055	0	0	0	0	0	NA	NA	NA	1	1	1	236
transcript:at5g07065	1	0	0	0	0.236548513926456	-1.24168538225085	4.99090406823359	-0.2487896712249	0.803523481123343	0.930806914237344	1	116
transcript:at5g07075	0	0	0	0	0	NA	NA	NA	1	1	1	236
transcript:at5g07655	0	0	0	0	0	NA	NA	NA	1	1	1	236
transcript:at5g50717	0	0	0	0	0	NA	NA	NA	1	1	1	236
transcript:at5g07875	0	0	0	0	0	NA	NA	NA	1	1	1	236
transcript:at5g52797	0	0	0	0	0	NA	NA	NA	1	1	1	236
transcript:at5g07965	24	29	15	28	23.3420915607949	-0.0860259329264057	0.719873783451983	-0.119501411086106	0.904878122163362	0.930806914237344	1	141
transcript:at5g08255	2	0	1	1	1.01330689418472	0.199379095214648	3.30152129457815	0.0603900679187119	0.951844968873714	0.965065037885849	1	144
transcript:at5g55835	0	0	0	0	0	NA	NA	NA	1	1	1	236
transcript:at5g08800	2	0	0	0	0.473097027852911	-2.25211744126968	4.88873572896609	-0.460674817811429	0.645031924586514	0.930806914237344	1	72
transcript:at5g58465	0	0	0	0	0	NA	NA	NA	1	1	1	236
transcript:at5g59505	0	0	0	0	0	NA	NA	NA	1	1	1	236
transcript:at5g08925	0	0	0	0	0	NA	NA	NA	1	1	1	236
transcript:at5g60408	1	0	0	0	0.236548513926456	-1.24168538225085	4.99090406823359	-0.2487896712249	0.803523481123343	0.930806914237344	1	116
transcript:at5g62162	5	7	0	0	2.71816225141019	-4.77996199056671	2.45987810323271	-1.94317026696771	0.0519955892905858	0.84348400404728	1	9
transcript:at5g62848	0	0	0	0	0	NA	NA	NA	1	1	1	236
transcript:at5g63715	0	0	0	0	0	NA	NA	NA	1	1	1	236
transcript:at5g66045	0	0	1	0	0.293997955897512	1.77576746210912	4.98250639573158	0.356400438066751	0.721540701354903	0.930806914237344	1	95
