WT_AGO1.1	WT_AGO1.2	deltaN.1	deltaN.2	baseMean	log2FC	lfcSE	stat	p.value	q.value	q.value_BH	ranking
transcript:AT1G01270.1	0	0	0	0	0	NA	NA	NA	1	1	1	429.5
transcript:AT1G01870.1	0	0	0	0	0	NA	NA	NA	1	1	1	429.5
transcript:AT1G01890.1	0	0	0	0	0	NA	NA	NA	1	1	1	429.5
transcript:AT1G02480.1	0	0	0	0	0	NA	NA	NA	1	1	1	429.5
transcript:AT1G02600.1	0	0	0	0	0	NA	NA	NA	1	1	1	429.5
transcript:AT1G02760.1	0	0	0	0	0	NA	NA	NA	1	1	1	429.5
transcript:AT1G03515.1	0	0	0	0	0	NA	NA	NA	1	1	1	429.5
transcript:AT1G03570.1	0	0	0	0	0	NA	NA	NA	1	1	1	429.5
transcript:AT1G03640.1	0	0	0	0	0	NA	NA	NA	1	1	1	429.5
transcript:AT1G04320.1	0	0	0	0	0	NA	NA	NA	1	1	1	429.5
transcript:AT1G04720.1	0	0	0	0	0	NA	NA	NA	1	1	1	429.5
transcript:AT1G05390.1	0	0	0	0	0	NA	NA	NA	1	1	1	429.5
transcript:AT1G05980.1	0	0	0	0	0	NA	NA	NA	1	1	1	429.5
transcript:AT1G06480.1	0	0	0	0	0	NA	NA	NA	1	1	1	429.5
transcript:AT1G06610.1	0	0	0	0	0	NA	NA	NA	1	1	1	429.5
transcript:AT1G06860.1	0	2	0	0	0.537284965911771	-2.72522370318789	4.88610950221481	-0.557749207616526	0.577015650880056	0.9872469907978	1	34
transcript:AT1G06880.1	0	0	0	0	0	NA	NA	NA	1	1	1	429.5
transcript:AT1G07100.1	0	0	0	0	0	NA	NA	NA	1	1	1	429.5
transcript:AT1G07580.1	0	0	0	0	0	NA	NA	NA	1	1	1	429.5
transcript:AT1G07760.1	0	0	0	0	0	NA	NA	NA	1	1	1	429.5
transcript:AT1G08240.1	0	0	0	0	0	NA	NA	NA	1	1	1	429.5
transcript:AT1G08870.1	0	0	0	0	0	NA	NA	NA	1	1	1	429.5
transcript:AT1G08950.1	0	0	0	0	0	NA	NA	NA	1	1	1	429.5
transcript:AT1G09110.1	0	0	0	0	0	NA	NA	NA	1	1	1	429.5
transcript:AT1G10440.1	0	0	0	0	0	NA	NA	NA	1	1	1	429.5
transcript:AT1G11010.1	0	2	0	0	0.537284965911771	-2.72522370318789	4.88610950221481	-0.557749207616526	0.577015650880056	0.9872469907978	1	34
transcript:AT1G11030.1	0	0	0	0	0	NA	NA	NA	1	1	1	429.5
transcript:AT1G11550.1	0	0	0	0	0	NA	NA	NA	1	1	1	429.5
transcript:AT1G11640.1	0	1	0	0	0.268642482955885	-1.7067753236881	4.98595415622159	-0.342316690087964	0.732112576590372	0.9872469907978	1	82
transcript:AT1G12510.1	0	0	0	0	0	NA	NA	NA	1	1	1	429.5
transcript:AT1G12590.1	0	0	0	0	0	NA	NA	NA	1	1	1	429.5
transcript:AT1G13010.1	0	0	0	1	0.222098086851437	1.26064886402179	4.99546332594357	0.252358746680154	0.800763783770487	0.9872469907978	1	116
transcript:AT1G13240.1	0	0	0	0	0	NA	NA	NA	1	1	1	429.5
transcript:AT1G13720.1	0	0	0	0	0	NA	NA	NA	1	1	1	429.5
transcript:AT1G13840.1	0	0	0	0	0	NA	NA	NA	1	1	1	429.5
transcript:AT1G13850.1	0	0	0	0	0	NA	NA	NA	1	1	1	429.5
transcript:AT1G15090.1	0	0	0	0	0	NA	NA	NA	1	1	1	429.5
transcript:AT1G15450.1	0	0	0	0	0	NA	NA	NA	1	1	1	429.5
transcript:AT1G15650.1	0	0	0	0	0	NA	NA	NA	1	1	1	429.5
transcript:AT1G16100.1	0	0	0	0	0	NA	NA	NA	1	1	1	429.5
transcript:AT1G16450.1	0	0	0	0	0	NA	NA	NA	1	1	1	429.5
transcript:AT1G17570.1	0	0	0	0	0	NA	NA	NA	1	1	1	429.5
transcript:AT1G17660.1	0	0	0	0	0	NA	NA	NA	1	1	1	429.5
transcript:AT1G17670.1	0	0	0	0	0	NA	NA	NA	1	1	1	429.5
transcript:AT1G18430.1	0	0	0	0	0	NA	NA	NA	1	1	1	429.5
transcript:AT1G18820.1	0	0	0	0	0	NA	NA	NA	1	1	1	429.5
transcript:AT1G20040.1	0	0	0	0	0	NA	NA	NA	1	1	1	429.5
transcript:AT1G20170.1	0	0	0	0	0	NA	NA	NA	1	1	1	429.5
transcript:AT1G20210.1	0	0	0	0	0	NA	NA	NA	1	1	1	429.5
transcript:AT1G20250.1	0	0	0	0	0	NA	NA	NA	1	1	1	429.5
transcript:AT1G20420.1	0	0	0	0	0	NA	NA	NA	1	1	1	429.5
transcript:AT1G20820.1	0	0	0	0	0	NA	NA	NA	1	1	1	429.5
transcript:AT1G21420.1	0	0	0	0	0	NA	NA	NA	1	1	1	429.5
transcript:AT1G21800.1	0	0	0	0	0	NA	NA	NA	1	1	1	429.5
transcript:AT1G22320.1	0	0	0	0	0	NA	NA	NA	1	1	1	429.5
transcript:AT1G24080.1	0	0	0	0	0	NA	NA	NA	1	1	1	429.5
transcript:AT1G26430.1	0	0	0	0	0	NA	NA	NA	1	1	1	429.5
transcript:AT1G26490.1	0	0	0	0	0	NA	NA	NA	1	1	1	429.5
transcript:AT1G28720.1	8	9	3	8	6.7240177303335	-0.823044380654116	1.3811275054909	-0.595922083502042	0.551227279674318	0.9872469907978	1	29
transcript:AT1G28730.1	0	0	0	1	0.222098086851437	1.26064886402179	4.99546332594357	0.252358746680154	0.800763783770487	0.9872469907978	1	116
transcript:AT1G28740.1	0	0	0	0	0	NA	NA	NA	1	1	1	429.5
transcript:AT1G28750.1	0	0	0	0	0	NA	NA	NA	1	1	1	429.5
transcript:AT1G28770.1	0	0	0	0	0	NA	NA	NA	1	1	1	429.5
transcript:AT1G28780.1	0	0	0	0	0	NA	NA	NA	1	1	1	429.5
transcript:AT1G28790.1	0	0	0	0	0	NA	NA	NA	1	1	1	429.5
transcript:AT1G28800.1	2	0	0	0	0.469552207876876	-2.54851973208226	4.89915752247512	-0.520195507164406	0.602927316455226	0.9872469907978	1	49.5
transcript:AT1G28810.1	1	0	0	0	0.234776103938438	-1.60856922355777	4.99258056305201	-0.322191941270235	0.747307289190716	0.9872469907978	1	94.5
transcript:AT1G28820.1	3	3	2	1	2.16651508580876	-1.20026855711238	2.32937206597234	-0.515275586346209	0.606360456466066	0.9872469907978	1	55
transcript:AT1G28830.1	2	1	1	4	1.84366765737569	0.575637323779573	2.52498019533526	0.227976965856218	0.819664147615097	0.9872469907978	1	138
transcript:AT1G28840.1	1	1	2	2	1.38177599887155	0.804599035342201	2.84295866998645	0.283014678980906	0.777165584634158	0.9872469907978	1	109
transcript:AT1G28850.1	0	1	1	2	0.929919275795936	1.34008787752366	3.68946574856722	0.363220034782564	0.71644052257065	0.9872469907978	1	76
transcript:AT1G28860.1	0	0	0	2	0.444196173702874	2.26383573422233	4.89117548208134	0.462840832948197	0.643478460260745	0.9872469907978	1	62
transcript:AT1G28870.1	0	0	0	0	0	NA	NA	NA	1	1	1	429.5
transcript:AT1G28880.1	0	0	0	0	0	NA	NA	NA	1	1	1	429.5
transcript:AT1G28890.1	3	0	1	2	1.36560510465536	-0.106783378149837	3.07513004196675	-0.0347248333216963	0.972299158738605	0.9872469907978	1	163
transcript:AT1G28900.1	0	1	0	0	0.268642482955885	-1.7067753236881	4.98595415622159	-0.342316690087964	0.732112576590372	0.9872469907978	1	82
transcript:AT1G28910.1	0	0	0	0	0	NA	NA	NA	1	1	1	429.5
transcript:AT1G28920.1	0	1	2	2	1.14699989493311	1.75524259486008	3.3823602318537	0.518940170337243	0.60380246394651	0.9872469907978	1	54
transcript:AT1G28930.1	0	0	3	2	1.0954380311144	3.5677988750705	3.66592982757494	0.973231633686412	0.330438192047691	0.9872469907978	1	13
transcript:AT1G28940.1	0	1	0	1	0.490740569807322	-0.252327503012282	4.98392222579448	-0.0506282986733524	0.959621712655322	0.9872469907978	1	160
transcript:AT1G28950.1	2	0	0	1	0.691650294728313	-1.09628758033027	4.53464021571293	-0.241758447898806	0.808967337676913	0.9872469907978	1	137
transcript:AT1G28970.1	0	2	0	0	0.537284965911771	-2.72522370318789	4.88610950221481	-0.557749207616526	0.577015650880056	0.9872469907978	1	34
transcript:AT1G28980.1	0	3	0	2	1.25012362257053	-0.851391427099252	3.50015829493537	-0.243243692244202	0.807816621538717	0.9872469907978	1	136
transcript:AT1G28990.1	0	0	2	1	0.65625932512579	2.82877220495689	4.553142134494	0.621279134584113	0.534415979837396	0.9872469907978	1	26.5
transcript:AT1G29210.1	2	0	0	0	0.469552207876876	-2.54851973208226	4.89915752247512	-0.520195507164406	0.602927316455226	0.9872469907978	1	49.5
transcript:AT1G30430.1	0	0	0	0	0	NA	NA	NA	1	1	1	429.5
transcript:AT1G30830.1	0	0	0	0	0	NA	NA	NA	1	1	1	429.5
transcript:AT1G31110.1	0	0	0	0	0	NA	NA	NA	1	1	1	429.5
transcript:AT1G32620.1	0	0	0	0	0	NA	NA	NA	1	1	1	429.5
transcript:AT1G33370.1	0	0	0	0	0	NA	NA	NA	1	1	1	429.5
transcript:AT1G36350.1	0	0	0	0	0	NA	NA	NA	1	1	1	429.5
transcript:AT1G42120.1	0	0	0	0	0	NA	NA	NA	1	1	1	429.5
transcript:AT1G43820.1	0	0	0	0	0	NA	NA	NA	1	1	1	429.5
transcript:AT1G45234.1	0	2	1	2	1.19856175875182	0.316448556491172	3.26038371042545	0.0970586852950134	0.922679790258873	0.9872469907978	1	150
transcript:AT1G45238.1	0	0	1	0	0.217080619137177	1.2440379628351	4.99664863845466	0.248974473262111	0.803380527153948	0.9872469907978	1	128.5
transcript:AT1G45240.1	1	0	0	2	0.678972277641312	0.848321159398502	4.56339595577843	0.185896899506235	0.852525613659332	0.9872469907978	1	143
transcript:AT1G45242.1	0	0	0	0	0	NA	NA	NA	1	1	1	429.5
transcript:AT1G45244.1	0	0	0	0	0	NA	NA	NA	1	1	1	429.5
transcript:AT1G45246.1	0	0	0	0	0	NA	NA	NA	1	1	1	429.5
transcript:AT1G48080.1	0	0	0	0	0	NA	NA	NA	1	1	1	429.5
transcript:AT1G49020.1	0	0	0	0	0	NA	NA	NA	1	1	1	429.5
transcript:AT1G49280.1	0	0	0	0	0	NA	NA	NA	1	1	1	429.5
transcript:AT1G49460.1	0	0	0	0	0	NA	NA	NA	1	1	1	429.5
transcript:AT1G49690.1	0	0	0	0	0	NA	NA	NA	1	1	1	429.5
transcript:AT1G50070.1	0	0	0	0	0	NA	NA	NA	1	1	1	429.5
transcript:AT1G50100.1	0	0	0	0	0	NA	NA	NA	1	1	1	429.5
transcript:AT1G52170.1	0	0	0	0	0	NA	NA	NA	1	1	1	429.5
transcript:AT1G52350.1	0	0	0	0	0	NA	NA	NA	1	1	1	429.5
transcript:AT1G52860.1	0	0	0	0	0	NA	NA	NA	1	1	1	429.5
transcript:AT1G53220.1	0	0	0	0	0	NA	NA	NA	1	1	1	429.5
transcript:AT1G53410.1	14	8	11	18	11.82165769262	0.228226960468664	1.04359432978586	0.21869317794731	0.826889063570574	0.9872469907978	1	139
transcript:AT1G54670.1	0	0	0	0	0	NA	NA	NA	1	1	1	429.5
transcript:AT1G55625.1	0	0	0	0	0	NA	NA	NA	1	1	1	429.5
transcript:AT1G56730.1	0	0	0	0	0	NA	NA	NA	1	1	1	429.5
transcript:AT1G56740.1	0	0	0	0	0	NA	NA	NA	1	1	1	429.5
transcript:AT1G56750.1	0	0	0	0	0	NA	NA	NA	1	1	1	429.5
transcript:AT1G56760.1	0	0	0	0	0	NA	NA	NA	1	1	1	429.5
transcript:AT1G56770.1	0	0	0	0	0	NA	NA	NA	1	1	1	429.5
transcript:AT1G56780.1	0	0	0	0	0	NA	NA	NA	1	1	1	429.5
transcript:AT1G56790.1	0	0	0	0	0	NA	NA	NA	1	1	1	429.5
transcript:AT1G56800.1	0	0	0	0	0	NA	NA	NA	1	1	1	429.5
transcript:AT1G56810.1	0	0	0	0	0	NA	NA	NA	1	1	1	429.5
transcript:AT1G56820.1	0	0	0	0	0	NA	NA	NA	1	1	1	429.5
transcript:AT1G56830.1	1	0	0	0	0.234776103938438	-1.60856922355777	4.99258056305201	-0.322191941270235	0.747307289190716	0.9872469907978	1	94.5
transcript:AT1G56840.1	0	0	0	0	0	NA	NA	NA	1	1	1	429.5
transcript:AT1G56850.1	0	0	0	0	0	NA	NA	NA	1	1	1	429.5
transcript:AT1G56860.1	0	0	0	0	0	NA	NA	NA	1	1	1	429.5
transcript:AT1G56870.1	0	0	0	0	0	NA	NA	NA	1	1	1	429.5
transcript:AT1G56880.1	0	0	0	0	0	NA	NA	NA	1	1	1	429.5
transcript:AT1G56890.1	0	0	0	0	0	NA	NA	NA	1	1	1	429.5
transcript:AT1G56900.1	0	0	0	0	0	NA	NA	NA	1	1	1	429.5
transcript:AT1G56910.1	0	0	0	0	0	NA	NA	NA	1	1	1	429.5
transcript:AT1G56920.1	0	0	0	0	0	NA	NA	NA	1	1	1	429.5
transcript:AT1G56930.1	0	0	0	0	0	NA	NA	NA	1	1	1	429.5
transcript:AT1G56940.1	0	0	0	0	0	NA	NA	NA	1	1	1	429.5
transcript:AT1G56950.1	0	0	0	0	0	NA	NA	NA	1	1	1	429.5
transcript:AT1G56960.1	0	0	0	0	0	NA	NA	NA	1	1	1	429.5
transcript:AT1G56970.1	0	0	0	0	0	NA	NA	NA	1	1	1	429.5
transcript:AT1G56980.1	0	0	0	0	0	NA	NA	NA	1	1	1	429.5
transcript:AT1G56990.1	0	0	0	0	0	NA	NA	NA	1	1	1	429.5
transcript:AT1G57000.1	0	0	0	0	0	NA	NA	NA	1	1	1	429.5
transcript:AT1G57010.1	0	0	0	0	0	NA	NA	NA	1	1	1	429.5
transcript:AT1G57020.1	0	0	0	0	0	NA	NA	NA	1	1	1	429.5
transcript:AT1G57030.1	0	0	0	0	0	NA	NA	NA	1	1	1	429.5
transcript:AT1G57040.1	0	0	0	0	0	NA	NA	NA	1	1	1	429.5
transcript:AT1G57050.1	0	0	0	0	0	NA	NA	NA	1	1	1	429.5
transcript:AT1G57060.1	0	0	0	0	0	NA	NA	NA	1	1	1	429.5
transcript:AT1G57070.1	0	0	0	0	0	NA	NA	NA	1	1	1	429.5
transcript:AT1G57080.1	0	0	0	0	0	NA	NA	NA	1	1	1	429.5
transcript:AT1G57090.1	0	0	0	0	0	NA	NA	NA	1	1	1	429.5
transcript:AT1G57100.1	0	0	0	0	0	NA	NA	NA	1	1	1	429.5
transcript:AT1G57110.1	0	0	0	0	0	NA	NA	NA	1	1	1	429.5
transcript:AT1G57120.1	0	0	0	0	0	NA	NA	NA	1	1	1	429.5
transcript:AT1G57130.1	0	0	0	0	0	NA	NA	NA	1	1	1	429.5
transcript:AT1G57140.1	0	0	0	0	0	NA	NA	NA	1	1	1	429.5
transcript:AT1G57150.1	0	0	0	0	0	NA	NA	NA	1	1	1	429.5
transcript:AT1G57160.1	0	0	0	0	0	NA	NA	NA	1	1	1	429.5
transcript:AT1G57170.1	0	0	0	0	0	NA	NA	NA	1	1	1	429.5
transcript:AT1G57180.1	0	0	0	0	0	NA	NA	NA	1	1	1	429.5
transcript:AT1G57190.1	0	0	0	0	0	NA	NA	NA	1	1	1	429.5
transcript:AT1G57200.1	0	0	0	0	0	NA	NA	NA	1	1	1	429.5
transcript:AT1G57210.1	0	0	0	0	0	NA	NA	NA	1	1	1	429.5
transcript:AT1G57220.1	0	0	0	0	0	NA	NA	NA	1	1	1	429.5
transcript:AT1G57230.1	0	0	0	0	0	NA	NA	NA	1	1	1	429.5
transcript:AT1G57240.1	0	0	0	0	0	NA	NA	NA	1	1	1	429.5
transcript:AT1G57250.1	0	0	0	0	0	NA	NA	NA	1	1	1	429.5
transcript:AT1G57260.1	0	0	0	0	0	NA	NA	NA	1	1	1	429.5
transcript:AT1G57270.1	0	0	0	0	0	NA	NA	NA	1	1	1	429.5
transcript:AT1G57280.1	0	0	0	0	0	NA	NA	NA	1	1	1	429.5
transcript:AT1G57290.1	0	0	0	0	0	NA	NA	NA	1	1	1	429.5
transcript:AT1G57300.1	0	0	0	0	0	NA	NA	NA	1	1	1	429.5
transcript:AT1G57310.1	0	0	0	0	0	NA	NA	NA	1	1	1	429.5
transcript:AT1G57320.1	0	0	0	0	0	NA	NA	NA	1	1	1	429.5
transcript:AT1G57330.1	0	0	0	0	0	NA	NA	NA	1	1	1	429.5
transcript:AT1G57340.1	0	0	0	0	0	NA	NA	NA	1	1	1	429.5
transcript:AT1G57350.1	0	0	2	0	0.434161238274353	2.23386744018775	4.89338480466689	0.456507617806244	0.648024994154392	0.9872469907978	1	68
transcript:AT1G57360.1	0	0	0	0	0	NA	NA	NA	1	1	1	429.5
transcript:AT1G57370.1	0	0	0	0	0	NA	NA	NA	1	1	1	429.5
transcript:AT1G57380.1	0	0	0	0	0	NA	NA	NA	1	1	1	429.5
transcript:AT1G57390.1	0	0	0	0	0	NA	NA	NA	1	1	1	429.5
transcript:AT1G57400.1	0	0	0	0	0	NA	NA	NA	1	1	1	429.5
transcript:AT1G57410.1	0	0	0	0	0	NA	NA	NA	1	1	1	429.5
transcript:AT1G57420.1	0	0	0	0	0	NA	NA	NA	1	1	1	429.5
transcript:AT1G57430.1	0	0	0	0	0	NA	NA	NA	1	1	1	429.5
transcript:AT1G57440.1	0	0	0	0	0	NA	NA	NA	1	1	1	429.5
transcript:AT1G57450.1	0	0	0	0	0	NA	NA	NA	1	1	1	429.5
transcript:AT1G57460.1	0	0	0	0	0	NA	NA	NA	1	1	1	429.5
transcript:AT1G57470.1	0	0	0	0	0	NA	NA	NA	1	1	1	429.5
transcript:AT1G57480.1	0	0	0	0	0	NA	NA	NA	1	1	1	429.5
transcript:AT1G57490.1	0	0	0	0	0	NA	NA	NA	1	1	1	429.5
transcript:AT1G57500.1	0	0	0	0	0	NA	NA	NA	1	1	1	429.5
transcript:AT1G57510.1	0	0	0	0	0	NA	NA	NA	1	1	1	429.5
transcript:AT1G57520.1	0	0	0	0	0	NA	NA	NA	1	1	1	429.5
transcript:AT1G57530.1	0	0	0	0	0	NA	NA	NA	1	1	1	429.5
transcript:AT1G59570.1	0	0	0	0	0	NA	NA	NA	1	1	1	429.5
transcript:AT1G59880.1	0	0	0	0	0	NA	NA	NA	1	1	1	429.5
transcript:AT1G60580.1	0	0	1	0	0.217080619137177	1.2440379628351	4.99664863845466	0.248974473262111	0.803380527153948	0.9872469907978	1	128.5
transcript:AT1G60820.1	0	0	0	0	0	NA	NA	NA	1	1	1	429.5
transcript:AT1G60840.1	0	0	0	0	0	NA	NA	NA	1	1	1	429.5
transcript:AT1G60910.1	0	0	0	0	0	NA	NA	NA	1	1	1	429.5
transcript:AT1G61020.1	0	0	0	0	0	NA	NA	NA	1	1	1	429.5
transcript:AT1G61880.1	0	0	0	0	0	NA	NA	NA	1	1	1	429.5
transcript:AT1G61910.1	0	0	0	0	0	NA	NA	NA	1	1	1	429.5
transcript:AT1G63510.1	1	0	1	0	0.451856723075615	-0.170733398362385	4.99174039591641	-0.0342031806185387	0.972715130259687	0.9872469907978	1	164
transcript:AT1G63790.1	0	0	0	0	0	NA	NA	NA	1	1	1	429.5
transcript:AT1G64120.1	0	0	0	0	0	NA	NA	NA	1	1	1	429.5
transcript:AT1G64420.1	0	0	0	0	0	NA	NA	NA	1	1	1	429.5
transcript:AT1G65830.1	0	0	0	0	0	NA	NA	NA	1	1	1	429.5
transcript:AT1G68770.1	14	11	12	18	12.8446657606249	0.0797101820291174	0.992342961528322	0.0803252354471831	0.935978588073654	0.9872469907978	1	153
transcript:AT1G68860.1	0	0	0	0	0	NA	NA	NA	1	1	1	429.5
transcript:AT1G68950.1	0	0	0	0	0	NA	NA	NA	1	1	1	429.5
transcript:AT1G68970.1	0	0	0	0	0	NA	NA	NA	1	1	1	429.5
transcript:AT1G69000.1	0	0	0	0	0	NA	NA	NA	1	1	1	429.5
transcript:AT1G69130.1	0	0	0	0	0	NA	NA	NA	1	1	1	429.5
transcript:AT1G69300.1	0	0	1	0	0.217080619137177	1.2440379628351	4.99664863845466	0.248974473262111	0.803380527153948	0.9872469907978	1	128.5
transcript:AT1G70050.1	0	0	0	0	0	NA	NA	NA	1	1	1	429.5
transcript:AT1G71700.1	3	3	1	0	1.72733637982015	-2.78508197750833	2.91764620374718	-0.954564667207219	0.339797892237295	0.9872469907978	1	15
transcript:AT1G72780.1	0	0	0	0	0	NA	NA	NA	1	1	1	429.5
transcript:AT1G73900.1	0	0	0	0	0	NA	NA	NA	1	1	1	429.5
transcript:AT1G74570.1	0	0	0	0	0	NA	NA	NA	1	1	1	429.5
transcript:AT1G74610.1	0	0	0	0	0	NA	NA	NA	1	1	1	429.5
transcript:AT1G75070.1	0	0	0	0	0	NA	NA	NA	1	1	1	429.5
transcript:AT1G75570.1	0	0	0	0	0	NA	NA	NA	1	1	1	429.5
transcript:AT1G75650.1	0	0	0	0	0	NA	NA	NA	1	1	1	429.5
transcript:AT1G75740.1	0	0	0	0	0	NA	NA	NA	1	1	1	429.5
transcript:AT1G75970.1	0	0	0	0	0	NA	NA	NA	1	1	1	429.5
transcript:AT1G76000.1	0	0	0	0	0	NA	NA	NA	1	1	1	429.5
transcript:AT1G76330.1	0	0	0	0	0	NA	NA	NA	1	1	1	429.5
transcript:AT1G77040.1	0	0	1	0	0.217080619137177	1.2440379628351	4.99664863845466	0.248974473262111	0.803380527153948	0.9872469907978	1	128.5
transcript:AT1G77190.1	0	0	0	0	0	NA	NA	NA	1	1	1	429.5
transcript:AT1G77560.1	0	0	0	0	0	NA	NA	NA	1	1	1	429.5
transcript:AT1G78250.1	1	0	0	0	0.234776103938438	-1.60856922355777	4.99258056305201	-0.322191941270235	0.747307289190716	0.9872469907978	1	94.5
transcript:AT1G79240.1	0	0	0	0	0	NA	NA	NA	1	1	1	429.5
transcript:AT1G79290.1	0	0	0	0	0	NA	NA	NA	1	1	1	429.5
transcript:AT1G79300.1	0	0	0	0	0	NA	NA	NA	1	1	1	429.5
transcript:AT1G79980.1	0	0	0	0	0	NA	NA	NA	1	1	1	429.5
transcript:AT1G80250.1	0	0	0	0	0	NA	NA	NA	1	1	1	429.5
transcript:AT1G80430.1	1	0	3	1	1.1081160482014	1.82338653144992	3.4502790916176	0.528475083618542	0.59716963631852	0.9872469907978	1	45
transcript:AT2G01160.1	0	0	0	0	0	NA	NA	NA	1	1	1	429.5
transcript:AT2G02600.1	0	0	0	0	0	NA	NA	NA	1	1	1	429.5
transcript:AT2G02900.1	0	0	0	0	0	NA	NA	NA	1	1	1	429.5
transcript:AT2G03490.1	0	0	0	0	0	NA	NA	NA	1	1	1	429.5
transcript:AT2G03660.1	0	0	0	0	0	NA	NA	NA	1	1	1	429.5
transcript:AT2G03700.1	0	0	0	0	0	NA	NA	NA	1	1	1	429.5
transcript:AT2G03790.1	0	0	0	0	0	NA	NA	NA	1	1	1	429.5
transcript:AT2G07743.1	0	0	0	0	0	NA	NA	NA	1	1	1	429.5
transcript:AT2G07745.1	0	0	0	0	0	NA	NA	NA	1	1	1	429.5
transcript:AT2G07746.1	0	1	0	1	0.490740569807322	-0.252327503012282	4.98392222579448	-0.0506282986733524	0.959621712655322	0.9872469907978	1	160
transcript:AT2G07748.1	0	0	0	1	0.222098086851437	1.26064886402179	4.99546332594357	0.252358746680154	0.800763783770487	0.9872469907978	1	116
transcript:AT2G07752.1	0	0	0	0	0	NA	NA	NA	1	1	1	429.5
transcript:AT2G07753.1	0	0	0	0	0	NA	NA	NA	1	1	1	429.5
transcript:AT2G07754.1	4	4	5	10	5.32005831177755	0.716102398948617	1.52688863690894	0.468994517110499	0.639073555117248	0.9872469907978	1	60
transcript:AT2G07755.1	0	0	0	0	0	NA	NA	NA	1	1	1	429.5
transcript:AT2G07792.1	5	4	1	4	3.35392341805866	-1.02695751260388	1.92588874615671	-0.533238233336823	0.593868678324879	0.9872469907978	1	44
transcript:AT2G07793.1	0	0	0	0	0	NA	NA	NA	1	1	1	429.5
transcript:AT2G07794.1	1	1	0	0	0.503418586894324	-2.63908239885795	4.89227526578334	-0.539438656961056	0.589584213459892	0.9872469907978	1	40.5
transcript:AT2G05315.1	1	5	4	2	2.89050716896945	-0.254216312334035	2.07445909615043	-0.122545830286933	0.902466752158421	0.9872469907978	1	147
transcript:AT2G07756.1	0	0	0	2	0.444196173702874	2.26383573422233	4.89117548208134	0.462840832948197	0.643478460260745	0.9872469907978	1	62
transcript:AT2G07757.1	0	0	0	0	0	NA	NA	NA	1	1	1	429.5
transcript:AT2G07758.1	1	2	2	2	1.65041848182744	0.193528298674766	2.60882822354423	0.0741820779644311	0.940865506267263	0.9872469907978	1	156
transcript:AT2G05355.1	1	0	0	0	0.234776103938438	-1.60856922355777	4.99258056305201	-0.322191941270235	0.747307289190716	0.9872469907978	1	94.5
transcript:AT2G07759.1	3	2	3	2	2.33705130884149	-0.182419562345302	2.21046632036879	-0.0825253751501935	0.934228940700555	0.9872469907978	1	151
transcript:AT2G07761.1	0	2	1	1	0.976463671900384	-0.275778655654132	3.57274784541237	-0.0771895100316831	0.938472786531327	0.9872469907978	1	154
transcript:AT2G07762.1	1	1	0	1	0.72551667374576	-1.18589004658365	4.09308007725777	-0.289730477830806	0.772022437971768	0.9872469907978	1	108
transcript:AT2G07763.1	0	4	1	1	1.51374863781216	-1.27968701605388	3.0140989257922	-0.424567025688295	0.671152335005341	0.9872469907978	1	72
transcript:AT2G07764.1	2	1	1	0	0.955275309969938	-1.75671183732175	3.6596548660919	-0.480021177296898	0.631212334673155	0.9872469907978	1	57
transcript:AT2G07765.1	6	4	6	2	4.2299064439801	-0.508089409960783	1.70594160552993	-0.297835171094823	0.765828969392157	0.9872469907978	1	105
transcript:AT2G07766.1	1	1	0	0	0.503418586894324	-2.63908239885795	4.89227526578334	-0.539438656961056	0.589584213459892	0.9872469907978	1	40.5
transcript:AT2G15950.1	0	0	0	0	0	NA	NA	NA	1	1	1	429.5
transcript:AT2G16240.1	0	0	0	0	0	NA	NA	NA	1	1	1	429.5
transcript:AT2G17810.1	0	0	0	0	0	NA	NA	NA	1	1	1	429.5
transcript:AT2G18310.1	0	0	0	0	0	NA	NA	NA	1	1	1	429.5
transcript:AT2G21360.1	0	0	0	0	0	NA	NA	NA	1	1	1	429.5
transcript:AT2G21570.1	0	0	0	0	0	NA	NA	NA	1	1	1	429.5
transcript:AT2G21670.1	0	0	0	0	0	NA	NA	NA	1	1	1	429.5
transcript:AT2G21700.1	0	0	0	0	0	NA	NA	NA	1	1	1	429.5
transcript:AT2G22110.1	0	0	0	0	0	NA	NA	NA	1	1	1	429.5
transcript:AT2G22220.1	1	0	0	0	0.234776103938438	-1.60856922355777	4.99258056305201	-0.322191941270235	0.747307289190716	0.9872469907978	1	94.5
transcript:AT2G22280.1	0	0	0	0	0	NA	NA	NA	1	1	1	429.5
transcript:AT2G22380.1	0	0	0	0	0	NA	NA	NA	1	1	1	429.5
transcript:AT2G22580.1	0	0	0	0	0	NA	NA	NA	1	1	1	429.5
transcript:AT2G23020.1	0	0	0	0	0	NA	NA	NA	1	1	1	429.5
transcript:AT2G23650.1	0	0	0	0	0	NA	NA	NA	1	1	1	429.5
transcript:AT2G24380.1	0	0	0	0	0	NA	NA	NA	1	1	1	429.5
transcript:AT2G25400.1	0	0	0	0	0	NA	NA	NA	1	1	1	429.5
transcript:AT2G26090.1	0	0	0	0	0	NA	NA	NA	1	1	1	429.5
transcript:AT2G27560.1	0	0	0	0	0	NA	NA	NA	1	1	1	429.5
transcript:AT2G27850.1	0	0	0	0	0	NA	NA	NA	1	1	1	429.5
transcript:AT2G28730.1	0	0	0	0	0	NA	NA	NA	1	1	1	429.5
transcript:AT2G28770.1	0	0	0	0	0	NA	NA	NA	1	1	1	429.5
transcript:AT2G29030.1	0	0	0	0	0	NA	NA	NA	1	1	1	429.5
transcript:AT2G29520.1	2	0	0	0	0.469552207876876	-2.54851973208226	4.89915752247512	-0.520195507164406	0.602927316455226	0.9872469907978	1	49.5
transcript:AT2G30180.1	0	0	0	0	0	NA	NA	NA	1	1	1	429.5
transcript:AT2G30190.1	1	0	0	0	0.234776103938438	-1.60856922355777	4.99258056305201	-0.322191941270235	0.747307289190716	0.9872469907978	1	94.5
transcript:AT2G30450.1	0	0	0	0	0	NA	NA	NA	1	1	1	429.5
transcript:AT2G30850.1	0	2	0	0	0.537284965911771	-2.72522370318789	4.88610950221481	-0.557749207616526	0.577015650880056	0.9872469907978	1	34
transcript:AT2G32110.1	0	0	0	0	0	NA	NA	NA	1	1	1	429.5
transcript:AT2G33140.1	1	0	0	0	0.234776103938438	-1.60856922355777	4.99258056305201	-0.322191941270235	0.747307289190716	0.9872469907978	1	94.5
transcript:AT2G33650.1	0	0	0	0	0	NA	NA	NA	1	1	1	429.5
transcript:AT2G33660.1	0	2	0	0	0.537284965911771	-2.72522370318789	4.88610950221481	-0.557749207616526	0.577015650880056	0.9872469907978	1	34
transcript:AT2G33890.1	0	0	0	0	0	NA	NA	NA	1	1	1	429.5
transcript:AT2G33900.1	0	0	0	2	0.444196173702874	2.26383573422233	4.89117548208134	0.462840832948197	0.643478460260745	0.9872469907978	1	62
transcript:AT2G33910.1	1	1	0	0	0.503418586894324	-2.63908239885795	4.89227526578334	-0.539438656961056	0.589584213459892	0.9872469907978	1	40.5
transcript:AT2G33920.1	2	0	0	0	0.469552207876876	-2.54851973208226	4.89915752247512	-0.520195507164406	0.602927316455226	0.9872469907978	1	49.5
transcript:AT2G33930.1	0	1	0	0	0.268642482955885	-1.7067753236881	4.98595415622159	-0.342316690087964	0.732112576590372	0.9872469907978	1	82
transcript:AT2G33940.1	0	1	0	0	0.268642482955885	-1.7067753236881	4.98595415622159	-0.342316690087964	0.732112576590372	0.9872469907978	1	82
transcript:AT2G33950.1	0	0	0	0	0	NA	NA	NA	1	1	1	429.5
transcript:AT2G33960.1	0	0	0	0	0	NA	NA	NA	1	1	1	429.5
transcript:AT2G33970.1	0	0	0	0	0	NA	NA	NA	1	1	1	429.5
transcript:AT2G34950.1	0	0	0	0	0	NA	NA	NA	1	1	1	429.5
transcript:AT2G34985.1	0	0	0	0	0	NA	NA	NA	1	1	1	429.5
transcript:AT2G35220.1	0	0	0	0	0	NA	NA	NA	1	1	1	429.5
transcript:AT2G36140.1	0	0	0	0	0	NA	NA	NA	1	1	1	429.5
transcript:AT2G36150.1	0	0	1	0	0.217080619137177	1.2440379628351	4.99664863845466	0.248974473262111	0.803380527153948	0.9872469907978	1	128.5
transcript:AT2G36280.1	0	0	0	0	0	NA	NA	NA	1	1	1	429.5
transcript:AT2G36510.1	0	0	0	0	0	NA	NA	NA	1	1	1	429.5
transcript:AT2G36520.1	0	0	0	0	0	NA	NA	NA	1	1	1	429.5
transcript:AT2G36600.1	0	0	0	0	0	NA	NA	NA	1	1	1	429.5
transcript:AT2G36860.1	0	0	0	0	0	NA	NA	NA	1	1	1	429.5
transcript:AT2G38030.1	0	0	0	0	0	NA	NA	NA	1	1	1	429.5
transcript:AT2G39600.1	0	0	0	0	0	NA	NA	NA	1	1	1	429.5
transcript:AT2G39610.1	0	0	0	0	0	NA	NA	NA	1	1	1	429.5
transcript:AT2G39860.1	0	0	0	0	0	NA	NA	NA	1	1	1	429.5
transcript:AT2G42020.1	0	0	0	0	0	NA	NA	NA	1	1	1	429.5
transcript:AT2G42420.1	0	0	0	0	0	NA	NA	NA	1	1	1	429.5
transcript:AT2G42970.1	0	0	0	0	0	NA	NA	NA	1	1	1	429.5
transcript:AT2G43300.1	0	0	0	0	0	NA	NA	NA	1	1	1	429.5
transcript:AT2G44320.1	0	0	0	0	0	NA	NA	NA	1	1	1	429.5
transcript:AT2G45020.1	0	0	0	0	0	NA	NA	NA	1	1	1	429.5
transcript:AT2G45390.1	0	0	0	0	0	NA	NA	NA	1	1	1	429.5
transcript:AT2G46120.1	0	0	0	0	0	NA	NA	NA	1	1	1	429.5
transcript:AT2G47100.1	0	0	0	0	0	NA	NA	NA	1	1	1	429.5
transcript:AT2G47740.1	1	0	0	0	0.234776103938438	-1.60856922355777	4.99258056305201	-0.322191941270235	0.747307289190716	0.9872469907978	1	94.5
transcript:AT3G01705.1	0	0	0	0	0	NA	NA	NA	1	1	1	429.5
transcript:AT3G02315.1	0	0	0	0	0	NA	NA	NA	1	1	1	429.5
transcript:AT3G02335.1	0	0	0	0	0	NA	NA	NA	1	1	1	429.5
transcript:AT3G02715.1	2	0	0	0	0.469552207876876	-2.54851973208226	4.89915752247512	-0.520195507164406	0.602927316455226	0.9872469907978	1	49.5
transcript:AT3G03845.1	0	0	0	0	0	NA	NA	NA	1	1	1	429.5
transcript:AT3G03852.1	0	0	0	0	0	NA	NA	NA	1	1	1	429.5
transcript:AT3G04525.1	0	0	0	0	0	NA	NA	NA	1	1	1	429.5
transcript:AT3G05525.1	0	2	0	1	0.759383052763208	-1.26944620752511	4.37219553113503	-0.290345250683598	0.771552123995582	0.9872469907978	1	107
transcript:AT3G05755.1	0	0	0	0	0	NA	NA	NA	1	1	1	429.5
transcript:AT3G05835.1	0	0	0	0	0	NA	NA	NA	1	1	1	429.5
transcript:AT3G06105.1	0	0	0	0	0	NA	NA	NA	1	1	1	429.5
transcript:AT3G06335.1	0	0	0	1	0.222098086851437	1.26064886402179	4.99546332594357	0.252358746680154	0.800763783770487	0.9872469907978	1	116
transcript:AT3G06665.1	0	0	0	0	0	NA	NA	NA	1	1	1	429.5
transcript:AT3G07025.1	0	0	0	0	0	NA	NA	NA	1	1	1	429.5
transcript:AT3G07055.1	0	0	0	0	0	NA	NA	NA	1	1	1	429.5
transcript:AT3G07115.1	0	0	0	0	0	NA	NA	NA	1	1	1	429.5
transcript:AT3G07185.1	0	0	0	0	0	NA	NA	NA	1	1	1	429.5
transcript:AT3G09505.1	0	0	0	0	0	NA	NA	NA	1	1	1	429.5
transcript:AT3G09585.1	0	0	0	0	0	NA	NA	NA	1	1	1	429.5
transcript:AT3G09595.1	0	1	0	0	0.268642482955885	-1.7067753236881	4.98595415622159	-0.342316690087964	0.732112576590372	0.9872469907978	1	82
transcript:AT3G10015.1	1	0	0	0	0.234776103938438	-1.60856922355777	4.99258056305201	-0.322191941270235	0.747307289190716	0.9872469907978	1	94.5
transcript:AT3G10035.1	0	0	0	0	0	NA	NA	NA	1	1	1	429.5
transcript:AT3G10415.1	0	0	0	0	0	NA	NA	NA	1	1	1	429.5
transcript:AT3G11285.1	0	0	0	0	0	NA	NA	NA	1	1	1	429.5
transcript:AT3G11395.1	0	0	0	1	0.222098086851437	1.26064886402179	4.99546332594357	0.252358746680154	0.800763783770487	0.9872469907978	1	116
transcript:AT3G11505.1	0	0	0	0	0	NA	NA	NA	1	1	1	429.5
transcript:AT3G12385.1	0	0	0	0	0	NA	NA	NA	1	1	1	429.5
transcript:AT3G12585.1	0	0	0	1	0.222098086851437	1.26064886402179	4.99546332594357	0.252358746680154	0.800763783770487	0.9872469907978	1	116
transcript:AT3G13223.1	0	1	0	0	0.268642482955885	-1.7067753236881	4.98595415622159	-0.342316690087964	0.732112576590372	0.9872469907978	1	82
transcript:AT3G13335.1	0	0	0	0	0	NA	NA	NA	1	1	1	429.5
transcript:AT3G14855.1	0	0	0	0	0	NA	NA	NA	1	1	1	429.5
transcript:AT3G15055.1	0	0	0	0	0	NA	NA	NA	1	1	1	429.5
transcript:AT3G15585.1	0	0	1	0	0.217080619137177	1.2440379628351	4.99664863845466	0.248974473262111	0.803380527153948	0.9872469907978	1	128.5
transcript:AT3G16552.1	0	0	0	0	0	NA	NA	NA	1	1	1	429.5
transcript:AT3G18815.1	0	0	0	0	0	NA	NA	NA	1	1	1	429.5
transcript:AT3G18952.1	0	0	0	0	0	NA	NA	NA	1	1	1	429.5
transcript:AT3G19235.1	0	0	0	0	0	NA	NA	NA	1	1	1	429.5
transcript:AT3G20655.1	1	0	0	0	0.234776103938438	-1.60856922355777	4.99258056305201	-0.322191941270235	0.747307289190716	0.9872469907978	1	94.5
transcript:AT3G20885.1	0	0	0	0	0	NA	NA	NA	1	1	1	429.5
transcript:AT3G21475.1	0	0	0	0	0	NA	NA	NA	1	1	1	429.5
transcript:AT3G25715.1	0	0	0	0	0	NA	NA	NA	1	1	1	429.5
transcript:AT3G26747.1	0	0	0	0	0	NA	NA	NA	1	1	1	429.5
transcript:AT3G27555.1	0	2	0	0	0.537284965911771	-2.72522370318789	4.88610950221481	-0.557749207616526	0.577015650880056	0.9872469907978	1	34
transcript:AT3G27825.1	1	0	0	1	0.456874190789875	-0.154104820585327	4.99055261146265	-0.0308793098847146	0.975365790373895	0.9872469907978	1	165.5
transcript:AT3G27845.1	0	0	0	0	0	NA	NA	NA	1	1	1	429.5
transcript:AT3G28685.1	0	0	0	0	0	NA	NA	NA	1	1	1	429.5
transcript:AT3G28695.1	0	0	0	0	0	NA	NA	NA	1	1	1	429.5
transcript:AT3G29095.1	0	0	0	0	0	NA	NA	NA	1	1	1	429.5
transcript:AT3G30345.1	0	0	0	0	0	NA	NA	NA	1	1	1	429.5
transcript:AT3G44955.1	0	0	0	0	0	NA	NA	NA	1	1	1	429.5
transcript:AT3G45935.1	0	0	0	0	0	NA	NA	NA	1	1	1	429.5
transcript:AT3G45955.1	0	0	0	0	0	NA	NA	NA	1	1	1	429.5
transcript:AT3G45965.1	0	0	0	0	0	NA	NA	NA	1	1	1	429.5
transcript:AT3G46585.1	2	0	0	0	0.469552207876876	-2.54851973208226	4.89915752247512	-0.520195507164406	0.602927316455226	0.9872469907978	1	49.5
transcript:AT3G46875.1	0	0	0	0	0	NA	NA	NA	1	1	1	429.5
transcript:AT3G48275.1	0	0	0	0	0	NA	NA	NA	1	1	1	429.5
transcript:AT3G48515.1	0	0	0	0	0	NA	NA	NA	1	1	1	429.5
transcript:AT3G48745.1	0	0	0	0	0	NA	NA	NA	1	1	1	429.5
transcript:AT3G49925.1	0	0	0	0	0	NA	NA	NA	1	1	1	429.5
transcript:AT3G50505.1	0	0	0	0	0	NA	NA	NA	1	1	1	429.5
transcript:AT3G50665.1	0	0	0	0	0	NA	NA	NA	1	1	1	429.5
transcript:AT3G50835.1	0	0	0	0	0	NA	NA	NA	1	1	1	429.5
transcript:AT3G50895.1	0	0	0	0	0	NA	NA	NA	1	1	1	429.5
transcript:AT3G51135.1	0	0	1	0	0.217080619137177	1.2440379628351	4.99664863845466	0.248974473262111	0.803380527153948	0.9872469907978	1	128.5
transcript:AT3G51265.1	0	0	0	0	0	NA	NA	NA	1	1	1	429.5
transcript:AT3G52285.1	0	0	0	0	0	NA	NA	NA	1	1	1	429.5
transcript:AT3G52345.1	12	3	1	1	4.06241940211753	-3.04974256441919	1.95804344128221	-1.5575459155401	0.119340928092278	0.9872469907978	1	4
transcript:AT3G52565.1	1	1	0	0	0.503418586894324	-2.63908239885795	4.89227526578334	-0.539438656961056	0.589584213459892	0.9872469907978	1	40.5
transcript:AT3G52765.1	0	0	0	0	0	NA	NA	NA	1	1	1	429.5
transcript:AT3G52955.1	0	0	0	0	0	NA	NA	NA	1	1	1	429.5
transcript:AT3G53775.1	0	0	0	0	0	NA	NA	NA	1	1	1	429.5
transcript:AT3G53965.1	0	0	0	0	0	NA	NA	NA	1	1	1	429.5
transcript:AT3G55735.1	0	0	0	0	0	NA	NA	NA	1	1	1	429.5
transcript:AT3G55795.1	0	0	0	0	0	NA	NA	NA	1	1	1	429.5
transcript:AT3G56085.1	0	0	0	0	0	NA	NA	NA	1	1	1	429.5
transcript:AT3G58035.1	0	0	0	0	0	NA	NA	NA	1	1	1	429.5
transcript:AT3G58165.1	0	0	0	1	0.222098086851437	1.26064886402179	4.99546332594357	0.252358746680154	0.800763783770487	0.9872469907978	1	116
transcript:AT3G59415.1	0	0	0	0	0	NA	NA	NA	1	1	1	429.5
transcript:AT3G59923.1	0	0	0	0	0	NA	NA	NA	1	1	1	429.5
transcript:AT3G59926.1	0	0	0	0	0	NA	NA	NA	1	1	1	429.5
transcript:AT3G60075.1	0	0	0	0	0	NA	NA	NA	1	1	1	429.5
transcript:AT3G60805.1	0	0	1	0	0.217080619137177	1.2440379628351	4.99664863845466	0.248974473262111	0.803380527153948	0.9872469907978	1	128.5
transcript:AT3G61105.1	0	0	0	0	0	NA	NA	NA	1	1	1	429.5
transcript:AT3G61545.1	2	0	0	0	0.469552207876876	-2.54851973208226	4.89915752247512	-0.520195507164406	0.602927316455226	0.9872469907978	1	49.5
transcript:AT3G61715.1	0	0	0	0	0	NA	NA	NA	1	1	1	429.5
transcript:AT3G61755.1	0	0	0	0	0	NA	NA	NA	1	1	1	429.5
transcript:AT3G61825.1	0	0	0	0	0	NA	NA	NA	1	1	1	429.5
transcript:AT3G62245.1	0	0	0	0	0	NA	NA	NA	1	1	1	429.5
transcript:AT3G62285.1	0	0	0	0	0	NA	NA	NA	1	1	1	429.5
transcript:AT3G62735.1	0	0	0	0	0	NA	NA	NA	1	1	1	429.5
transcript:AT3G63003.1	0	0	0	0	0	NA	NA	NA	1	1	1	429.5
transcript:AT3G63006.1	0	0	0	0	0	NA	NA	NA	1	1	1	429.5
transcript:AT4G00085.1	0	0	0	0	0	NA	NA	NA	1	1	1	429.5
transcript:AT4G00985.1	0	0	0	0	0	NA	NA	NA	1	1	1	429.5
transcript:AT4G01355.1	0	0	0	0	0	NA	NA	NA	1	1	1	429.5
transcript:AT4G01865.1	0	1	1	0	0.485723102093062	-0.268957692143391	4.98511168100846	-0.0539521899114168	0.956973255646208	0.9872469907978	1	158
transcript:AT4G02055.1	0	0	0	0	0	NA	NA	NA	1	1	1	429.5
transcript:AT4G03135.1	0	0	0	0	0	NA	NA	NA	1	1	1	429.5
transcript:AT4G03285.1	0	0	0	0	0	NA	NA	NA	1	1	1	429.5
transcript:AT4G03405.1	0	0	1	0	0.217080619137177	1.2440379628351	4.99664863845466	0.248974473262111	0.803380527153948	0.9872469907978	1	128.5
transcript:AT4G03435.1	0	0	0	0	0	NA	NA	NA	1	1	1	429.5
transcript:AT4G08345.1	0	0	2	1	0.65625932512579	2.82877220495689	4.553142134494	0.621279134584113	0.534415979837396	0.9872469907978	1	26.5
transcript:AT4G10815.1	0	0	0	0	0	NA	NA	NA	1	1	1	429.5
transcript:AT4G11177.1	0	0	0	0	0	NA	NA	NA	1	1	1	429.5
transcript:AT4G11213.1	0	0	0	0	0	NA	NA	NA	1	1	1	429.5
transcript:AT4G11216.1	0	0	0	0	0	NA	NA	NA	1	1	1	429.5
transcript:AT4G11355.1	0	0	0	0	0	NA	NA	NA	1	1	1	429.5
transcript:AT4G11405.1	0	0	0	0	0	NA	NA	NA	1	1	1	429.5
transcript:AT4G11985.1	0	0	0	0	0	NA	NA	NA	1	1	1	429.5
transcript:AT4G12065.1	2	0	1	0	0.686632827014053	-1.11213683005361	4.54773180065033	-0.244547585214803	0.806806752738328	0.9872469907978	1	135
transcript:AT4G12115.1	0	0	0	0	0	NA	NA	NA	1	1	1	429.5
transcript:AT4G12405.1	0	0	0	0	0	NA	NA	NA	1	1	1	429.5
transcript:AT4G13265.1	0	0	0	0	0	NA	NA	NA	1	1	1	429.5
transcript:AT4G13445.1	0	0	0	0	0	NA	NA	NA	1	1	1	429.5
transcript:AT4G14345.1	0	0	0	0	0	NA	NA	NA	1	1	1	429.5
transcript:AT4G14415.1	0	0	1	0	0.217080619137177	1.2440379628351	4.99664863845466	0.248974473262111	0.803380527153948	0.9872469907978	1	128.5
transcript:AT4G15775.1	0	0	0	0	0	NA	NA	NA	1	1	1	429.5
transcript:AT4G16105.1	0	0	0	0	0	NA	NA	NA	1	1	1	429.5
transcript:AT4G16235.1	0	0	0	0	0	NA	NA	NA	1	1	1	429.5
transcript:AT4G16465.1	0	0	0	0	0	NA	NA	NA	1	1	1	429.5
transcript:AT4G16475.1	0	0	0	0	0	NA	NA	NA	1	1	1	429.5
transcript:AT4G17612.1	1	0	0	0	0.234776103938438	-1.60856922355777	4.99258056305201	-0.322191941270235	0.747307289190716	0.9872469907978	1	94.5
transcript:AT4G17765.1	0	0	0	0	0	NA	NA	NA	1	1	1	429.5
transcript:AT4G17975.1	0	0	0	1	0.222098086851437	1.26064886402179	4.99546332594357	0.252358746680154	0.800763783770487	0.9872469907978	1	116
transcript:AT4G18255.1	0	0	0	0	0	NA	NA	NA	1	1	1	429.5
transcript:AT4G18725.1	0	0	0	0	0	NA	NA	NA	1	1	1	429.5
transcript:AT4G18815.1	0	0	2	0	0.434161238274353	2.23386744018775	4.89338480466689	0.456507617806244	0.648024994154392	0.9872469907978	1	68
transcript:AT4G20115.1	0	0	0	0	0	NA	NA	NA	1	1	1	429.5
transcript:AT4G22265.1	1	0	0	1	0.456874190789875	-0.154104820585327	4.99055261146265	-0.0308793098847146	0.975365790373895	0.9872469907978	1	165.5
transcript:AT4G22635.1	0	0	0	0	0	NA	NA	NA	1	1	1	429.5
transcript:AT4G22754.1	0	0	0	0	0	NA	NA	NA	1	1	1	429.5
transcript:AT4G23635.1	3	0	0	0	0.704328311815314	-3.130582407135	4.86148239470261	-0.643956339438004	0.519603746394992	0.9872469907978	1	23
transcript:AT4G23915.1	0	0	0	0	0	NA	NA	NA	1	1	1	429.5
transcript:AT4G24025.1	0	0	0	0	0	NA	NA	NA	1	1	1	429.5
transcript:AT4G24565.1	0	0	0	0	0	NA	NA	NA	1	1	1	429.5
transcript:AT4G25435.1	0	0	0	0	0	NA	NA	NA	1	1	1	429.5
transcript:AT4G25585.1	0	0	0	0	0	NA	NA	NA	1	1	1	429.5
transcript:AT4G25635.1	0	0	0	0	0	NA	NA	NA	1	1	1	429.5
transcript:AT4G26225.1	0	0	0	0	0	NA	NA	NA	1	1	1	429.5
transcript:AT4G26375.1	0	1	0	0	0.268642482955885	-1.7067753236881	4.98595415622159	-0.342316690087964	0.732112576590372	0.9872469907978	1	82
transcript:AT4G26385.1	0	0	0	0	0	NA	NA	NA	1	1	1	429.5
transcript:AT4G26675.1	0	0	0	0	0	NA	NA	NA	1	1	1	429.5
transcript:AT4G27395.1	0	0	0	0	0	NA	NA	NA	1	1	1	429.5
transcript:AT4G27875.1	0	0	0	0	0	NA	NA	NA	1	1	1	429.5
transcript:AT4G27885.1	0	0	0	0	0	NA	NA	NA	1	1	1	429.5
transcript:AT4G28362.1	0	0	0	0	0	NA	NA	NA	1	1	1	429.5
transcript:AT4G28915.1	0	0	0	0	0	NA	NA	NA	1	1	1	429.5
transcript:AT4G29415.1	0	0	0	0	0	NA	NA	NA	1	1	1	429.5
transcript:AT4G31075.1	0	0	0	0	0	NA	NA	NA	1	1	1	429.5
transcript:AT4G31265.1	4	0	0	0	0.939104415753752	-3.54545667191216	4.32434827045528	-0.819882315246289	0.412283199275959	0.9872469907978	1	18
transcript:AT4G31695.1	0	0	0	0	0	NA	NA	NA	1	1	1	429.5
transcript:AT4G31895.1	0	0	0	0	0	NA	NA	NA	1	1	1	429.5
transcript:AT4G32265.1	0	0	0	0	0	NA	NA	NA	1	1	1	429.5
transcript:AT4G32475.1	0	0	0	0	0	NA	NA	NA	1	1	1	429.5
transcript:AT4G32765.1	0	0	0	0	0	NA	NA	NA	1	1	1	429.5
transcript:AT4G34035.1	0	0	0	0	0	NA	NA	NA	1	1	1	429.5
transcript:AT4G34415.1	0	0	0	0	0	NA	NA	NA	1	1	1	429.5
transcript:AT4G34695.1	0	0	0	0	0	NA	NA	NA	1	1	1	429.5
transcript:AT4G34975.1	0	0	0	0	0	NA	NA	NA	1	1	1	429.5
transcript:AT4G36197.1	0	0	0	0	0	NA	NA	NA	1	1	1	429.5
transcript:AT4G36245.1	0	0	0	0	0	NA	NA	NA	1	1	1	429.5
transcript:AT4G36635.1	0	0	0	0	0	NA	NA	NA	1	1	1	429.5
transcript:AT4G37175.1	0	0	0	1	0.222098086851437	1.26064886402179	4.99546332594357	0.252358746680154	0.800763783770487	0.9872469907978	1	116
transcript:AT4G39195.1	0	0	0	0	0	NA	NA	NA	1	1	1	429.5
transcript:AT4G39345.1	0	1	2	0	0.702803721230239	0.7250249229067	4.50157727540634	0.161060197026442	0.872045989072479	0.9872469907978	1	146
transcript:AT4G39615.1	0	0	0	0	0	NA	NA	NA	1	1	1	429.5
transcript:AT4G39672.1	0	0	0	0	0	NA	NA	NA	1	1	1	429.5
transcript:AT4G39865.1	0	0	0	0	0	NA	NA	NA	1	1	1	429.5
transcript:AT4G39985.1	0	0	0	0	0	NA	NA	NA	1	1	1	429.5
transcript:AT5G01365.1	0	0	0	0	0	NA	NA	NA	1	1	1	429.5
transcript:AT5G02025.1	0	0	0	0	0	NA	NA	NA	1	1	1	429.5
transcript:AT5G02385.1	0	0	0	0	0	NA	NA	NA	1	1	1	429.5
transcript:AT5G02435.1	0	0	0	0	0	NA	NA	NA	1	1	1	429.5
transcript:AT5G02505.1	0	0	0	0	0	NA	NA	NA	1	1	1	429.5
transcript:AT5G02615.1	0	0	0	0	0	NA	NA	NA	1	1	1	429.5
transcript:AT5G02725.1	0	0	0	0	0	NA	NA	NA	1	1	1	429.5
transcript:AT5G02815.1	0	0	0	0	0	NA	NA	NA	1	1	1	429.5
transcript:AT5G03445.1	0	0	0	0	0	NA	NA	NA	1	1	1	429.5
transcript:AT5G03452.1	0	1	0	0	0.268642482955885	-1.7067753236881	4.98595415622159	-0.342316690087964	0.732112576590372	0.9872469907978	1	82
transcript:AT5G03705.1	0	0	0	0	0	NA	NA	NA	1	1	1	429.5
transcript:AT5G03745.1	0	0	0	0	0	NA	NA	NA	1	1	1	429.5
transcript:AT5G03775.1	0	0	0	0	0	NA	NA	NA	1	1	1	429.5
transcript:AT5G05795.1	0	0	0	0	0	NA	NA	NA	1	1	1	429.5
transcript:AT5G05945.1	0	0	0	0	0	NA	NA	NA	1	1	1	429.5
transcript:AT5G05985.1	0	0	0	0	0	NA	NA	NA	1	1	1	429.5
transcript:AT5G06125.1	0	0	0	0	0	NA	NA	NA	1	1	1	429.5
transcript:AT5G06685.1	0	0	0	0	0	NA	NA	NA	1	1	1	429.5
transcript:AT5G07135.1	0	0	0	0	0	NA	NA	NA	1	1	1	429.5
transcript:AT5G07315.1	0	0	0	0	0	NA	NA	NA	1	1	1	429.5
transcript:AT5G07625.1	0	0	0	0	0	NA	NA	NA	1	1	1	429.5
transcript:AT5G07675.1	0	0	0	0	0	NA	NA	NA	1	1	1	429.5
transcript:AT5G08075.1	0	0	0	0	0	NA	NA	NA	1	1	1	429.5
transcript:AT5G09345.1	0	0	0	0	0	NA	NA	NA	1	1	1	429.5
transcript:AT5G09655.1	0	0	0	0	0	NA	NA	NA	1	1	1	429.5
transcript:AT5G09755.1	0	0	0	0	0	NA	NA	NA	1	1	1	429.5
transcript:AT5G09975.1	0	0	0	0	0	NA	NA	NA	1	1	1	429.5
transcript:AT5G10235.1	0	0	0	0	0	NA	NA	NA	1	1	1	429.5
transcript:AT5G10455.1	0	0	0	0	0	NA	NA	NA	1	1	1	429.5
transcript:AT5G10525.1	0	0	0	0	0	NA	NA	NA	1	1	1	429.5
transcript:AT5G11225.1	0	0	0	0	0	NA	NA	NA	1	1	1	429.5
transcript:AT5G11325.1	0	0	0	0	0	NA	NA	NA	1	1	1	429.5
transcript:AT5G11475.1	0	0	0	0	0	NA	NA	NA	1	1	1	429.5
transcript:AT5G13845.1	0	0	0	0	0	NA	NA	NA	1	1	1	429.5
transcript:AT5G14035.1	0	0	0	0	0	NA	NA	NA	1	1	1	429.5
transcript:AT5G14495.1	0	0	0	0	0	NA	NA	NA	1	1	1	429.5
transcript:AT5G15175.1	0	0	0	0	0	NA	NA	NA	1	1	1	429.5
transcript:AT5G15805.1	0	0	0	0	0	NA	NA	NA	1	1	1	429.5
transcript:AT5G15815.1	0	0	0	0	0	NA	NA	NA	1	1	1	429.5
transcript:AT5G16375.1	0	0	0	0	0	NA	NA	NA	1	1	1	429.5
transcript:AT5G18005.1	0	0	0	0	0	NA	NA	NA	1	1	1	429.5
transcript:AT5G18015.1	0	0	0	0	0	NA	NA	NA	1	1	1	429.5
transcript:AT5G18085.1	0	0	0	0	0	NA	NA	NA	1	1	1	429.5
transcript:AT5G18755.1	0	0	0	0	0	NA	NA	NA	1	1	1	429.5
transcript:AT5G19095.1	0	0	0	0	0	NA	NA	NA	1	1	1	429.5
transcript:AT5G20852.1	0	0	0	0	0	NA	NA	NA	1	1	1	429.5
transcript:AT5G20854.1	0	0	0	0	0	NA	NA	NA	1	1	1	429.5
transcript:AT5G20856.1	0	0	0	0	0	NA	NA	NA	1	1	1	429.5
transcript:AT5G20858.1	0	0	0	0	0	NA	NA	NA	1	1	1	429.5
transcript:AT5G21378.1	0	0	0	0	0	NA	NA	NA	1	1	1	429.5
transcript:AT5G22315.1	0	1	0	0	0.268642482955885	-1.7067753236881	4.98595415622159	-0.342316690087964	0.732112576590372	0.9872469907978	1	82
transcript:AT5G23665.1	0	0	0	0	0	NA	NA	NA	1	1	1	429.5
transcript:AT5G25585.1	0	0	0	0	0	NA	NA	NA	1	1	1	429.5
transcript:AT5G25625.1	0	0	0	0	0	NA	NA	NA	1	1	1	429.5
transcript:AT5G27715.1	0	0	0	0	0	NA	NA	NA	1	1	1	429.5
transcript:AT5G32017.1	0	0	0	0	0	NA	NA	NA	1	1	1	429.5
transcript:AT5G35605.1	0	0	0	0	0	NA	NA	NA	1	1	1	429.5
transcript:AT5G37795.1	0	0	0	0	0	NA	NA	NA	1	1	1	429.5
transcript:AT5G38155.1	0	0	0	0	0	NA	NA	NA	1	1	1	429.5
transcript:AT5G38905.1	0	0	0	0	0	NA	NA	NA	1	1	1	429.5
transcript:AT5G39535.1	0	0	0	0	0	NA	NA	NA	1	1	1	429.5
transcript:AT5G39895.1	0	0	0	0	0	NA	NA	NA	1	1	1	429.5
transcript:AT5G40545.1	0	0	0	0	0	NA	NA	NA	1	1	1	429.5
transcript:AT5G40945.1	0	0	0	0	0	NA	NA	NA	1	1	1	429.5
transcript:AT5G41265.1	0	0	0	0	0	NA	NA	NA	1	1	1	429.5
transcript:AT5G41605.1	0	0	0	0	0	NA	NA	NA	1	1	1	429.5
transcript:AT5G41675.1	0	0	0	0	0	NA	NA	NA	1	1	1	429.5
transcript:AT5G43455.1	5	0	2	1	1.83013984481798	-0.849747048422847	2.74379082366192	-0.309698188759432	0.756790480265257	0.9872469907978	1	103
transcript:AT5G43535.1	0	0	0	0	0	NA	NA	NA	1	1	1	429.5
transcript:AT5G44283.1	0	0	0	0	0	NA	NA	NA	1	1	1	429.5
transcript:AT5G44375.1	0	0	0	0	0	NA	NA	NA	1	1	1	429.5
transcript:AT5G44705.1	0	0	0	0	0	NA	NA	NA	1	1	1	429.5
transcript:AT5G45715.1	0	0	0	0	0	NA	NA	NA	1	1	1	429.5
transcript:AT5G45745.1	0	0	0	0	0	NA	NA	NA	1	1	1	429.5
transcript:AT5G46105.1	2	0	0	0	0.469552207876876	-2.54851973208226	4.89915752247512	-0.520195507164406	0.602927316455226	0.9872469907978	1	49.5
transcript:AT5G46325.1	0	0	0	0	0	NA	NA	NA	1	1	1	429.5
transcript:AT5G46595.1	0	0	0	0	0	NA	NA	NA	1	1	1	429.5
transcript:AT5G48465.1	0	0	0	0	0	NA	NA	NA	1	1	1	429.5
transcript:AT5G48675.1	0	0	0	0	0	NA	NA	NA	1	1	1	429.5
transcript:AT5G48835.1	0	0	0	0	0	NA	NA	NA	1	1	1	429.5
transcript:AT5G49435.1	0	0	0	0	0	NA	NA	NA	1	1	1	429.5
transcript:AT5G50805.1	0	0	0	0	0	NA	NA	NA	1	1	1	429.5
transcript:AT5G50995.1	1	0	0	0	0.234776103938438	-1.60856922355777	4.99258056305201	-0.322191941270235	0.747307289190716	0.9872469907978	1	94.5
transcript:AT5G51055.1	0	0	0	0	0	NA	NA	NA	1	1	1	429.5
transcript:AT5G52355.1	0	0	0	0	0	NA	NA	NA	1	1	1	429.5
transcript:AT5G52495.1	0	0	0	0	0	NA	NA	NA	1	1	1	429.5
transcript:AT5G52815.1	0	0	0	0	0	NA	NA	NA	1	1	1	429.5
transcript:AT5G53487.1	0	0	0	0	0	NA	NA	NA	1	1	1	429.5
transcript:AT5G54365.1	0	0	0	0	0	NA	NA	NA	1	1	1	429.5
transcript:AT5G54375.1	0	0	0	0	0	NA	NA	NA	1	1	1	429.5
transcript:AT5G54865.1	0	0	0	0	0	NA	NA	NA	1	1	1	429.5
transcript:AT5G55045.1	3	0	0	0	0.704328311815314	-3.130582407135	4.86148239470261	-0.643956339438004	0.519603746394992	0.9872469907978	1	23
transcript:AT5G55055.1	0	0	0	0	0	NA	NA	NA	1	1	1	429.5
transcript:AT5G55505.1	0	0	0	0	0	NA	NA	NA	1	1	1	429.5
transcript:AT5G56365.1	0	0	0	0	0	NA	NA	NA	1	1	1	429.5
transcript:AT5G56745.1	0	0	0	0	0	NA	NA	NA	1	1	1	429.5
transcript:AT5G56975.1	0	0	2	0	0.434161238274353	2.23386744018775	4.89338480466689	0.456507617806244	0.648024994154392	0.9872469907978	1	68
transcript:AT5G57885.1	0	0	0	0	0	NA	NA	NA	1	1	1	429.5
transcript:AT5G58495.1	0	0	0	0	0	NA	NA	NA	1	1	1	429.5
transcript:AT5G59055.1	0	0	0	1	0.222098086851437	1.26064886402179	4.99546332594357	0.252358746680154	0.800763783770487	0.9872469907978	1	116
transcript:AT5G59385.1	0	1	1	1	0.707821188944499	0.744416436150679	4.12513549369795	0.180458663064022	0.856792503688828	0.9872469907978	1	144
transcript:AT5G59395.1	0	0	0	0	0	NA	NA	NA	1	1	1	429.5
transcript:AT5G59945.1	0	0	0	0	0	NA	NA	NA	1	1	1	429.5
transcript:AT5G60285.1	3	3	6	2	3.2569356492089	0.212201616239599	1.92032602095447	0.11050291144528	0.912010541012499	0.9872469907978	1	149
transcript:AT5G60963.1	0	0	0	0	0	NA	NA	NA	1	1	1	429.5
transcript:AT5G60966.1	0	0	0	0	0	NA	NA	NA	1	1	1	429.5
transcript:AT5G61345.1	0	0	0	0	0	NA	NA	NA	1	1	1	429.5
transcript:AT5G61445.1	0	0	0	0	0	NA	NA	NA	1	1	1	429.5
transcript:AT5G61835.1	1	0	0	0	0.234776103938438	-1.60856922355777	4.99258056305201	-0.322191941270235	0.747307289190716	0.9872469907978	1	94.5
transcript:AT5G63145.1	0	0	0	0	0	NA	NA	NA	1	1	1	429.5
transcript:AT5G64505.1	0	0	0	0	0	NA	NA	NA	1	1	1	429.5
transcript:AT5G64735.1	0	0	0	0	0	NA	NA	NA	1	1	1	429.5
transcript:AT5G64855.1	3	0	0	0	0.704328311815314	-3.130582407135	4.86148239470261	-0.643956339438004	0.519603746394992	0.9872469907978	1	23
transcript:AT5G65015.1	0	0	0	0	0	NA	NA	NA	1	1	1	429.5
transcript:AT5G65305.1	0	0	0	0	0	NA	NA	NA	1	1	1	429.5
transcript:AT5G65445.1	0	2	0	0	0.537284965911771	-2.72522370318789	4.88610950221481	-0.557749207616526	0.577015650880056	0.9872469907978	1	34
transcript:AT5G65535.1	0	0	0	0	0	NA	NA	NA	1	1	1	429.5
transcript:AT5G65615.1	0	0	0	0	0	NA	NA	NA	1	1	1	429.5
transcript:AT5G66535.1	0	0	0	0	0	NA	NA	NA	1	1	1	429.5
transcript:AT5G66568.1	0	0	0	0	0	NA	NA	NA	1	1	1	429.5
transcript:AT5G66755.1	0	0	0	0	0	NA	NA	NA	1	1	1	429.5
transcript:AT5G66817.1	0	0	0	0	0	NA	NA	NA	1	1	1	429.5
transcript:AT5G67455.1	0	0	0	1	0.222098086851437	1.26064886402179	4.99546332594357	0.252358746680154	0.800763783770487	0.9872469907978	1	116
transcript:ATMG00100.1	0	0	1	1	0.439178705988613	2.24891525341232	4.89226983815468	0.459687492270581	0.645740548600562	0.9872469907978	1	64.5
transcript:ATMG09450.1	22	25	26	34	25.0765674110582	0.153151755279475	0.722408248576507	0.212001670220762	0.832105731292494	0.9872469907978	1	141
transcript:ATMG00190.1	0	0	1	0	0.217080619137177	1.2440379628351	4.99664863845466	0.248974473262111	0.803380527153948	0.9872469907978	1	128.5
transcript:ATMG00230.1	0	0	0	0	0	NA	NA	NA	1	1	1	429.5
transcript:ATMG00250.1	2	0	0	2	0.91374838157975	-0.095657085609032	3.98065180297586	-0.0240305081538457	0.980828273741402	0.9872469907978	1	167
transcript:ATMG00330.1	0	2	4	5	2.51609787671766	1.91080334888307	2.39085416623256	0.799213676798221	0.424166522822464	0.9872469907978	1	19
transcript:ATMG00340.1	0	0	1	1	0.439178705988613	2.24891525341232	4.89226983815468	0.459687492270581	0.645740548600562	0.9872469907978	1	64.5
transcript:ATMG00350.1	0	1	0	1	0.490740569807322	-0.252327503012282	4.98392222579448	-0.0506282986733524	0.959621712655322	0.9872469907978	1	160
transcript:ATMG00360.1	1	1	0	0	0.503418586894324	-2.63908239885795	4.89227526578334	-0.539438656961056	0.589584213459892	0.9872469907978	1	40.5
transcript:ATMG00380.1	4	2	0	1	1.69848746851696	-2.74487398589416	2.94185668865181	-0.933041366862801	0.350798610381134	0.9872469907978	1	16
transcript:ATMG00390.1	3	3	1	7	3.2820229877802	0.229844097387219	1.96863227805299	0.116753189485717	0.907055639342783	0.9872469907978	1	148
transcript:ATMG00420.1	1	0	0	0	0.234776103938438	-1.60856922355777	4.99258056305201	-0.322191941270235	0.747307289190716	0.9872469907978	1	94.5
transcript:ATMG00460.1	0	3	0	3	1.47222170942197	-0.264550676103967	3.25906718146954	-0.0811737412496906	0.935303782034069	0.9872469907978	1	152
transcript:ATMG09730.1	21	7	17	19	14.7210297389077	0.208731877314075	0.962204362563079	0.216930919704068	0.828262180874194	0.9872469907978	1	140
transcript:ATMG09740.1	0	0	5	1	1.30750118253732	3.82362793966383	3.46137110464762	1.10465703447105	0.269308227388308	0.9872469907978	1	9
transcript:ATMG00700.1	0	0	0	0	0	NA	NA	NA	1	1	1	429.5
transcript:ATMG00780.1	5	4	4	10	5.33775379657881	0.456579494577908	1.52895780852466	0.298621382507917	0.765228948604319	0.9872469907978	1	104
transcript:ATMG00790.1	0	0	0	0	0	NA	NA	NA	1	1	1	429.5
transcript:ATMG00800.1	0	0	0	0	0	NA	NA	NA	1	1	1	429.5
transcript:ATMG00930.1	0	0	0	1	0.222098086851437	1.26064886402179	4.99546332594357	0.252358746680154	0.800763783770487	0.9872469907978	1	116
transcript:ATMG00950.1	0	0	0	0	0	NA	NA	NA	1	1	1	429.5
transcript:ATMG01070.1	0	0	0	0	0	NA	NA	NA	1	1	1	429.5
transcript:ATMG01160.1	1	5	0	1	1.8000866055693	-2.83158392120285	2.9341252702781	-0.965052157072512	0.334518688400875	0.9872469907978	1	14
transcript:ATMG09950.1	4	4	2	2	2.89203175955452	-1.19610251566564	2.02649804827267	-0.590231269497231	0.555035610909762	0.9872469907978	1	30
transcript:ATMG01340.1	0	0	0	0	0	NA	NA	NA	1	1	1	429.5
transcript:ATMG09960.1	0	2	0	2	0.981481139614644	-0.263895450470889	3.86880814420516	-0.0682110460468713	0.945617633979143	0.9872469907978	1	157
transcript:ATMG09980.1	6	1	8	5	4.52443449394111	0.750402727273424	1.69845653409387	0.441814501702139	0.658623443792715	0.9872469907978	1	70
transcript:ATCG00010.1	510	11	520	398	323.967840839322	0.713934758920078	1.83940292708275	0.388133969131148	0.697916894884943	0.9872469907978	1	73
transcript:ATCG00030.1	2278	2178	3298	2751	2446.84701149239	0.244908372852205	0.149198510032415	1.64149342241418	0.10069503135269	0.9872469907978	1	2
transcript:ATCG00060.1	0	1	3	0	0.919884340367416	1.31499347170703	4.03650466379387	0.325775288581254	0.744594376520513	0.9872469907978	1	87
transcript:ATCG00090.1	115	43	108	95	83.094903837725	0.203882617553936	0.471242906114216	0.432648672072573	0.665270024110335	0.9872469907978	1	71
transcript:ATCG00100.1	74	86	153	94	94.5672401176737	0.420668296507307	0.416128365696737	1.01090992872588	0.312059541515596	0.9872469907978	1	11
transcript:ATCG00110.1	5	11	10	3	6.96604828413301	-0.534304892026412	1.39107865186911	-0.384093948468334	0.700908816556861	0.9872469907978	1	74
transcript:ATCG00200.1	9	7	2	2	4.87183972811437	-2.1854548498056	1.65093854094767	-1.32376511638713	0.185581064796061	0.9872469907978	1	7
transcript:ATCG00230.1	1	1	0	0	0.503418586894324	-2.63908239885795	4.89227526578334	-0.539438656961056	0.589584213459892	0.9872469907978	1	40.5
transcript:ATCG00240.1	4	2	9	2	3.87431112760299	0.695589808815068	1.81700641236425	0.382821878933261	0.701851837991274	0.9872469907978	1	75
transcript:ATCG00250.1	1	0	4	3	1.76939284104146	2.63337452481589	2.87801351626434	0.914997275007246	0.36019306068293	0.9872469907978	1	17
transcript:ATCG00260.1	4	0	4	1	2.0295249791539	0.201449020293161	2.61378528369554	0.0770717554918433	0.938566462001755	0.9872469907978	1	155
transcript:ATCG00290.1	171	78	233	195	154.989738639024	0.615985142813818	0.361456241977225	1.70417624950749	0.0883481649112853	0.9872469907978	1	1
transcript:ATCG00310.1	5	7	10	4	6.1135764391609	0.0070006887062079	1.43554738610395	0.00487666849173657	0.996108996924867	0.996108996924867	1	169
transcript:ATCG00320.1	4	0	12	11	5.98715080076568	2.39340603008007	1.64779500089491	1.45249016338818	0.146365362309502	0.9872469907978	1	6
transcript:ATCG00370.1	12	3	25	13	11.937531303627	1.1870267186993	1.10379848818798	1.07540165293028	0.282194942088754	0.9872469907978	1	10
transcript:ATCG00390.1	276	117	234	284	210.102096736755	0.241503842002326	0.525533607922273	0.45954024321513	0.645846259880196	0.9872469907978	1	66
transcript:ATCG00400.1	1731	1907	2054	2108	1832.7650097049	-0.00682060086559633	0.161607624463251	-0.0422046972613431	0.966335518025552	0.9872469907978	1	162
transcript:ATCG00410.1	7	6	15	11	8.95457586772783	0.808078811259289	1.18314335007309	0.682993156500746	0.494611166904157	0.9872469907978	1	20
transcript:ATCG00450.1	506	585	642	735	578.560412443916	0.134071759712597	0.212068766080321	0.632208892382658	0.527250387430877	0.9872469907978	1	25
transcript:ATCG00460.1	36	43	40	50	39.7916956169458	-0.0135992919100791	0.583482306507727	-0.0233071196134017	0.981405292627399	0.9872469907978	1	168
transcript:ATCG00610.1	5	10	7	6	6.7124582043199	-0.430849906633589	1.36706377864884	-0.315164451990256	0.752636794388609	0.9872469907978	1	102
transcript:ATCG00620.1	68	63	53	69	59.7192923010541	-0.293717951743179	0.480011556020526	-0.611897668002432	0.540605464616649	0.9872469907978	1	28
transcript:ATCG00850.1	0	3	0	1	1.02802553571909	-1.85668615147341	3.87795296923406	-0.478779955869379	0.632095177638213	0.9872469907978	1	58.5
transcript:ATCG00880.1	0	2	1	0	0.754365585048948	-1.28506552357235	4.38356505028254	-0.293155344755182	0.769403415013263	0.9872469907978	1	106
transcript:ATCG00910.1	0	0	0	0	0	NA	NA	NA	1	1	1	429.5
transcript:ATCG00930.1	191	109	213	232	171.889194520185	0.396572560441468	0.321469820501197	1.23362298776034	0.21734342298887	0.9872469907978	1	8
transcript:ATCG00940.1	4715	4923	4855	4743	4536.83390550892	-0.205047693859464	0.140629824789362	-1.45806690840004	0.144822101537492	0.9872469907978	1	5
transcript:ATCG00980.1	13	6	5	3	6.4156416051752	-1.41543368696591	1.41986174533556	-0.996881345395643	0.318822107496229	0.9872469907978	1	12
transcript:ATCG00990.1	1	2	5	4	2.74585651294184	1.36495407717959	2.11594797156486	0.64507922478365	0.518875846243712	0.9872469907978	1	21
transcript:ATCG01030.1	0	1	2	1	0.924901808081676	1.33022914669957	3.69644198710679	0.359867448573364	0.718946260697162	0.9872469907978	1	77
transcript:ATCG01140.1	1	2	3	2	1.86749910096461	0.513295334262594	2.47662007198007	0.207256389492237	0.835809630774026	0.9872469907978	1	142
transcript:ATCG01150.1	6	5	10	5	6.03316566403901	0.254181394748029	1.42863074936798	0.177919588291431	0.858786127050526	0.9872469907978	1	145
transcript:ATCG01190.1	4803	4801	4815	4662	4498.04664993443	-0.216245561133407	0.13549851349908	-1.59592570832797	0.110505380995475	0.9872469907978	1	3
transcript:ATCG01200.1	204	105	203	189	162.145690013578	0.174220999534341	0.338938118487112	0.514020082226206	0.607237950242174	0.9872469907978	1	56
transcript:ATCG01220.1	0	0	0	1	0.222098086851437	1.26064886402179	4.99546332594357	0.252358746680154	0.800763783770487	0.9872469907978	1	116
transcript:ATCG01260.1	0	0	1	0	0.217080619137177	1.2440379628351	4.99664863845466	0.248974473262111	0.803380527153948	0.9872469907978	1	128.5
transcript:ATCG01290.1	0	3	0	1	1.02802553571909	-1.85668615147341	3.87795296923406	-0.478779955869379	0.632095177638213	0.9872469907978	1	58.5
