# Program:featureCounts v2.0.3; Command:"featureCounts" "-p" "-a" "DataBase/Arabidopsis_thaliana.TAIR10.54.gff3" "-t" "tRNA" "-g" "ID" "-o" "AtAgo1_RNA-seq_featureCounts_tRNA.txt" "AtAgo1_RNA-seq/220809_RNAseq/Files/bam/AGO1_3_39bp._sorted_rmblack.bam" "AtAgo1_RNA-seq/220809_RNAseq/Files/bam/AGO1_4_39bp._sorted_rmblack.bam" "AtAgo1_RNA-seq/220809_RNAseq/Files/bam/Col_1_39bp._sorted_rmblack.bam" "AtAgo1_RNA-seq/220809_RNAseq/Files/bam/Col_2_39bp._sorted_rmblack.bam" "AtAgo1_RNA-seq/220809_RNAseq/Files/bam/ago1_1_39bp._sorted_rmblack.bam" "AtAgo1_RNA-seq/220809_RNAseq/Files/bam/ago1_2_39bp._sorted_rmblack.bam" "AtAgo1_RNA-seq/220809_RNAseq/Files/bam/deltaN_1_9_39bp._sorted_rmblack.bam" "AtAgo1_RNA-seq/220809_RNAseq/Files/bam/deltaN_4_1_39bp._sorted_rmblack.bam" 
Geneid	Chr	Start	End	Strand	Length	AtAgo1_RNA-seq/220809_RNAseq/Files/bam/AGO1_3_39bp._sorted_rmblack.bam	AtAgo1_RNA-seq/220809_RNAseq/Files/bam/AGO1_4_39bp._sorted_rmblack.bam	AtAgo1_RNA-seq/220809_RNAseq/Files/bam/Col_1_39bp._sorted_rmblack.bam	AtAgo1_RNA-seq/220809_RNAseq/Files/bam/Col_2_39bp._sorted_rmblack.bam	AtAgo1_RNA-seq/220809_RNAseq/Files/bam/ago1_1_39bp._sorted_rmblack.bam	AtAgo1_RNA-seq/220809_RNAseq/Files/bam/ago1_2_39bp._sorted_rmblack.bam	AtAgo1_RNA-seq/220809_RNAseq/Files/bam/deltaN_1_9_39bp._sorted_rmblack.bam	AtAgo1_RNA-seq/220809_RNAseq/Files/bam/deltaN_4_1_39bp._sorted_rmblack.bam
transcript:AT1G01270.1	1	111890	111961	-	72	0	0	0	0	0	0	0	0
transcript:AT1G01870.1	1	306384	306456	+	73	0	0	0	0	0	0	0	0
transcript:AT1G01890.1	1	309275	309347	-	73	0	0	0	0	0	0	0	0
transcript:AT1G02480.1	1	515494	515566	+	73	0	0	0	0	0	0	0	0
transcript:AT1G02600.1	1	552640	552711	+	72	0	0	0	0	0	0	0	0
transcript:AT1G02760.1	1	604402	604474	+	73	0	0	0	0	0	0	0	0
transcript:AT1G03515.1	1	877648	877719	+	72	0	0	0	0	0	0	0	0
transcript:AT1G03570.1	1	892514	892585	+	72	0	0	0	0	0	0	0	0
transcript:AT1G03640.1	1	909811	909883	-	73	0	0	0	0	0	0	0	0
transcript:AT1G04320.1	1	1159023	1159093	+	71	0	0	0	0	0	0	0	0
transcript:AT1G04720.1	1	1324923	1325007	+	85	0	0	0	0	0	0	0	0
transcript:AT1G05390.1	1	1583772	1583845	-	74	0	0	0	0	0	0	0	0
transcript:AT1G05980.1	1	1817400	1817471	+	72	0	0	0	0	0	0	0	0
transcript:AT1G06480.1	1	1978084	1978157	+	74	0	0	0	0	0	0	0	0
transcript:AT1G06610.1	1	2025356	2025428	+	73	0	0	0	0	0	0	0	0
transcript:AT1G06860.1	1	2107398	2107468	-	71	0	2	0	0	0	0	0	0
transcript:AT1G06880.1	1	2111148	2111218	-	71	0	0	0	0	0	0	0	0
transcript:AT1G07100.1	1	2177885	2177958	+	74	0	0	0	0	0	0	0	0
transcript:AT1G07580.1	1	2334822	2334894	+	73	0	0	0	0	0	0	0	0
transcript:AT1G07760.1	1	2406834	2406905	-	72	0	0	0	0	0	0	0	0
transcript:AT1G08240.1	1	2588525	2588596	+	72	0	0	0	0	0	0	0	0
transcript:AT1G08870.1	1	2846536	2846608	-	73	0	0	0	0	0	0	0	0
transcript:AT1G08950.1	1	2879303	2879374	+	72	0	0	0	0	0	0	0	0
transcript:AT1G09110.1	1	2939417	2939488	+	72	0	0	0	0	0	0	0	0
transcript:AT1G10440.1	1	3431185	3431256	-	72	0	0	0	0	0	0	0	0
transcript:AT1G11010.1	1	3676607	3676691	+	85	0	2	0	0	0	0	0	0
transcript:AT1G11030.1	1	3678775	3678848	-	74	0	0	0	0	0	0	0	0
transcript:AT1G11550.1	1	3881529	3881608	+	80	0	0	0	0	0	0	0	0
transcript:AT1G11640.1	1	3914622	3914700	-	79	0	1	0	1	0	1	0	0
transcript:AT1G12510.1	1	4266988	4267061	-	74	0	0	1	0	0	0	0	0
transcript:AT1G12590.1	1	4285887	4285958	-	72	0	0	0	0	0	0	0	0
transcript:AT1G13010.1	1	4440214	4440286	+	73	0	0	1	0	0	0	0	1
transcript:AT1G13240.1	1	4522709	4522782	-	74	0	0	0	0	0	0	0	0
transcript:AT1G13720.1	1	4709635	4709706	+	72	0	0	0	0	0	0	0	0
transcript:AT1G13840.1	1	4741999	4742071	+	73	0	0	0	0	0	0	0	0
transcript:AT1G13850.1	1	4743095	4743167	+	73	0	0	0	0	0	0	0	0
transcript:AT1G15090.1	1	5189687	5189760	-	74	0	0	2	0	0	2	0	0
transcript:AT1G15450.1	1	5309647	5309718	-	72	0	0	0	0	0	0	0	0
transcript:AT1G15650.1	1	5380907	5380988	+	82	0	0	0	0	0	0	0	0
transcript:AT1G16100.1	1	5518062	5518134	-	73	0	0	0	0	0	0	0	0
transcript:AT1G16450.1	1	5619471	5619543	-	73	0	0	0	0	0	0	0	0
transcript:AT1G17570.1	1	6038757	6038838	+	82	0	0	0	0	0	0	0	0
transcript:AT1G17660.1	1	6075820	6075891	+	72	0	0	0	0	0	0	0	0
transcript:AT1G17670.1	1	6075945	6076018	-	74	0	0	0	0	0	0	0	0
transcript:AT1G18430.1	1	6345764	6345835	+	72	0	0	0	1	0	0	0	0
transcript:AT1G18820.1	1	6488655	6488735	+	81	0	0	0	0	0	0	0	0
transcript:AT1G20040.1	1	6948860	6948943	-	84	0	0	0	0	0	0	0	0
transcript:AT1G20170.1	1	6995282	6995353	-	72	0	0	0	0	0	0	0	0
transcript:AT1G20210.1	1	7004514	7004585	+	72	0	0	0	0	0	0	0	0
transcript:AT1G20250.1	1	7016516	7016588	+	73	0	0	0	0	0	0	0	0
transcript:AT1G20420.1	1	7082668	7082739	+	72	0	0	0	0	0	0	0	0
transcript:AT1G20820.1	1	7242761	7242832	-	72	0	0	0	0	0	0	0	0
transcript:AT1G21420.1	1	7499733	7499804	-	72	0	0	0	0	0	0	0	0
transcript:AT1G21800.1	1	7656120	7656191	-	72	0	0	0	0	0	0	0	0
transcript:AT1G22320.1	1	7884370	7884454	-	85	0	0	0	0	0	0	0	0
transcript:AT1G24080.1	1	8520290	8520363	-	74	0	0	0	0	0	0	0	0
transcript:AT1G26430.1	1	9143810	9143883	+	74	0	0	0	0	0	0	0	0
transcript:AT1G26490.1	1	9158183	9158255	+	73	0	0	0	0	0	0	0	0
transcript:AT1G28720.1	1	10089437	10089508	+	72	8	9	5	13	17	7	3	8
transcript:AT1G28730.1	1	10089898	10089969	+	72	0	0	0	0	2	2	0	1
transcript:AT1G28740.1	1	10090368	10090439	+	72	0	0	0	0	0	2	0	0
transcript:AT1G28750.1	1	10090769	10090840	+	72	0	0	0	0	2	0	0	0
transcript:AT1G28770.1	1	10092325	10092396	+	72	0	0	0	0	0	0	0	0
transcript:AT1G28780.1	1	10092801	10092872	+	72	0	0	0	0	0	0	0	0
transcript:AT1G28790.1	1	10093309	10093380	+	72	0	0	0	0	0	2	0	0
transcript:AT1G28800.1	1	10093746	10093817	+	72	2	0	0	0	0	0	0	0
transcript:AT1G28810.1	1	10094173	10094244	+	72	1	0	0	0	0	0	0	0
transcript:AT1G28820.1	1	10096951	10097022	+	72	3	3	2	5	1	1	2	1
transcript:AT1G28830.1	1	10097114	10097185	+	72	2	1	0	2	0	1	1	4
transcript:AT1G28840.1	1	10097718	10097789	+	72	1	1	0	1	0	1	2	2
transcript:AT1G28850.1	1	10098653	10098724	+	72	0	1	2	0	0	0	1	2
transcript:AT1G28860.1	1	10099079	10099150	+	72	0	0	0	0	0	0	0	2
transcript:AT1G28870.1	1	10099425	10099496	+	72	0	0	2	0	0	0	0	0
transcript:AT1G28880.1	1	10099827	10099898	+	72	0	0	4	0	0	0	0	0
transcript:AT1G28890.1	1	10100273	10100344	+	72	3	0	2	0	0	1	1	2
transcript:AT1G28900.1	1	10101028	10101099	+	72	0	1	0	0	1	0	0	0
transcript:AT1G28910.1	1	10101600	10101671	+	72	0	0	0	2	1	0	0	0
transcript:AT1G28920.1	1	10101993	10102064	+	72	0	1	0	3	2	3	2	2
transcript:AT1G28930.1	1	10106090	10106161	+	72	0	0	1	2	0	1	3	2
transcript:AT1G28940.1	1	10106528	10106599	+	72	0	1	3	3	0	1	0	1
transcript:AT1G28950.1	1	10106898	10106969	+	72	2	0	1	6	1	0	0	1
transcript:AT1G28970.1	1	10107649	10107720	+	72	0	2	1	1	1	0	0	0
transcript:AT1G28980.1	1	10108389	10108460	+	72	0	3	0	0	0	0	0	2
transcript:AT1G28990.1	1	10108710	10108781	+	72	0	0	0	2	1	0	2	1
transcript:AT1G29210.1	1	10207306	10207378	-	73	2	0	0	0	0	1	0	0
transcript:AT1G30430.1	1	10756722	10756794	+	73	0	0	0	0	0	0	0	0
transcript:AT1G30830.1	1	10963573	10963646	-	74	0	0	0	0	0	0	0	0
transcript:AT1G31110.1	1	11104113	11104186	+	74	0	0	0	0	0	0	0	0
transcript:AT1G32620.1	1	11797201	11797285	-	85	0	0	0	0	0	0	0	0
transcript:AT1G33370.1	1	12097279	12097347	-	69	0	0	0	0	4	0	0	0
transcript:AT1G36350.1	1	13686426	13686498	+	73	0	0	0	0	0	0	0	0
transcript:AT1G42120.1	1	15730615	15730686	-	72	0	0	0	0	0	0	0	0
transcript:AT1G43820.1	1	16585705	16585776	-	72	0	0	0	0	0	0	0	0
transcript:AT1G45234.1	1	17156607	17156678	+	72	0	2	2	2	2	1	1	2
transcript:AT1G45238.1	1	17158531	17158602	+	72	0	0	5	0	1	1	1	0
transcript:AT1G45240.1	1	17158979	17159050	+	72	1	0	4	0	4	0	0	2
transcript:AT1G45242.1	1	17160528	17160599	+	72	0	0	0	0	0	0	0	0
transcript:AT1G45244.1	1	17160969	17161040	+	72	0	0	0	1	0	0	0	0
transcript:AT1G45246.1	1	17162022	17162093	+	72	0	0	0	0	0	0	0	0
transcript:AT1G48080.1	1	17731841	17731913	+	73	0	0	0	0	0	0	0	0
transcript:AT1G49020.1	1	18135598	18135669	-	72	0	0	0	0	0	0	0	0
transcript:AT1G49280.1	1	18230479	18230552	-	74	0	0	0	0	0	0	0	0
transcript:AT1G49460.1	1	18308903	18308987	+	85	0	0	0	0	0	0	0	0
transcript:AT1G49690.1	1	18387802	18387874	+	73	0	0	0	0	0	0	0	0
transcript:AT1G50070.1	1	18552999	18553078	+	80	0	0	0	0	0	0	0	0
transcript:AT1G50100.1	1	18557900	18557979	+	80	0	0	0	0	0	0	0	0
transcript:AT1G52170.1	1	19424555	19424628	+	74	0	0	0	0	0	0	0	0
transcript:AT1G52350.1	1	19498419	19498492	-	74	0	0	0	0	0	0	0	0
transcript:AT1G52860.1	1	19685134	19685219	-	86	0	0	0	0	0	2	0	0
transcript:AT1G53220.1	1	19847973	19848046	+	74	0	0	0	0	0	0	0	0
transcript:AT1G53410.1	1	19925839	19925910	-	72	14	8	15	13	11	15	11	18
transcript:AT1G54670.1	1	20412928	20413000	-	73	0	0	0	0	0	0	0	0
transcript:AT1G55625.1	1	20791311	20791392	+	82	0	0	0	0	0	0	0	0
transcript:AT1G56730.1	1	21268787	21268868	+	82	0	0	0	0	0	0	0	0
transcript:AT1G56740.1	1	21269122	21269206	+	85	0	0	0	0	0	0	0	0
transcript:AT1G56750.1	1	21269552	21269636	+	85	0	0	0	0	0	0	0	0
transcript:AT1G56760.1	1	21270296	21270377	+	82	0	0	0	0	0	0	0	0
transcript:AT1G56770.1	1	21270631	21270715	+	85	0	0	0	0	0	0	0	0
transcript:AT1G56780.1	1	21271061	21271145	+	85	0	0	0	0	0	0	0	0
transcript:AT1G56790.1	1	21271805	21271886	+	82	0	0	0	0	0	0	0	0
transcript:AT1G56800.1	1	21272140	21272224	+	85	0	0	0	0	0	0	0	0
transcript:AT1G56810.1	1	21272570	21272654	+	85	0	0	0	0	0	0	0	0
transcript:AT1G56820.1	1	21273314	21273395	+	82	0	0	0	0	0	0	0	0
transcript:AT1G56830.1	1	21273649	21273733	+	85	1	0	0	0	0	0	0	0
transcript:AT1G56840.1	1	21274079	21274163	+	85	0	0	0	0	0	0	0	0
transcript:AT1G56850.1	1	21274823	21274904	+	82	0	0	0	0	0	0	0	0
transcript:AT1G56860.1	1	21275158	21275242	+	85	0	0	0	0	0	0	0	0
transcript:AT1G56870.1	1	21275609	21275693	+	85	0	0	0	0	0	0	0	0
transcript:AT1G56880.1	1	21276352	21276433	+	82	0	0	0	0	0	0	0	0
transcript:AT1G56890.1	1	21276687	21276771	+	85	0	0	0	0	0	0	0	0
transcript:AT1G56900.1	1	21277117	21277201	+	85	0	0	0	0	0	0	0	0
transcript:AT1G56910.1	1	21277861	21277942	+	82	0	0	0	0	0	0	0	0
transcript:AT1G56920.1	1	21278196	21278280	+	85	0	0	0	0	0	0	0	0
transcript:AT1G56930.1	1	21278647	21278731	+	85	0	0	0	0	0	0	0	0
transcript:AT1G56940.1	1	21279390	21279471	+	82	0	0	0	0	0	0	0	0
transcript:AT1G56950.1	1	21279720	21279804	+	85	0	0	0	0	0	0	0	0
transcript:AT1G56960.1	1	21280178	21280262	+	85	0	0	0	0	0	0	0	0
transcript:AT1G56970.1	1	21280922	21281003	+	82	0	0	0	0	0	0	0	0
transcript:AT1G56980.1	1	21281252	21281336	+	85	0	0	0	0	0	0	0	0
transcript:AT1G56990.1	1	21281710	21281794	+	85	0	0	0	0	0	0	0	0
transcript:AT1G57000.1	1	21282454	21282535	+	82	0	0	0	0	0	0	0	0
transcript:AT1G57010.1	1	21282784	21282868	+	85	0	0	0	0	0	0	0	0
transcript:AT1G57020.1	1	21283242	21283326	+	85	0	0	0	0	0	0	0	0
transcript:AT1G57030.1	1	21283986	21284067	+	82	0	0	0	0	0	0	0	0
transcript:AT1G57040.1	1	21284316	21284400	+	85	0	0	0	0	0	0	0	0
transcript:AT1G57050.1	1	21284774	21284858	+	85	0	0	0	0	0	0	0	0
transcript:AT1G57060.1	1	21285519	21285600	+	82	0	0	0	0	0	0	0	0
transcript:AT1G57070.1	1	21285849	21285933	+	85	0	0	0	0	0	0	0	0
transcript:AT1G57080.1	1	21286306	21286390	+	85	0	0	0	0	0	0	0	0
transcript:AT1G57090.1	1	21287050	21287131	+	82	0	0	0	0	0	0	0	0
transcript:AT1G57100.1	1	21287380	21287464	+	85	0	0	0	0	0	0	0	0
transcript:AT1G57110.1	1	21287837	21287921	+	85	0	0	0	0	0	0	0	0
transcript:AT1G57120.1	1	21288581	21288662	+	82	0	0	0	0	0	0	0	0
transcript:AT1G57130.1	1	21288910	21288994	+	85	0	0	0	0	0	0	0	0
transcript:AT1G57140.1	1	21289368	21289452	+	85	0	0	0	0	0	0	0	0
transcript:AT1G57150.1	1	21290112	21290193	+	82	0	0	0	0	0	0	0	0
transcript:AT1G57160.1	1	21290445	21290529	+	85	0	0	0	0	0	0	0	0
transcript:AT1G57170.1	1	21290903	21290987	+	85	0	0	0	0	0	0	0	0
transcript:AT1G57180.1	1	21291461	21291542	+	82	0	0	0	0	0	0	0	0
transcript:AT1G57190.1	1	21291791	21291875	+	85	0	0	0	0	0	0	0	0
transcript:AT1G57200.1	1	21292248	21292332	+	85	0	0	0	0	0	0	0	0
transcript:AT1G57210.1	1	21292992	21293073	+	82	0	0	0	0	0	0	0	0
transcript:AT1G57220.1	1	21293325	21293409	+	85	0	0	0	0	0	0	0	0
transcript:AT1G57230.1	1	21293783	21293867	+	85	0	0	0	0	0	0	0	0
transcript:AT1G57240.1	1	21294341	21294422	+	82	0	0	0	0	0	0	0	0
transcript:AT1G57250.1	1	21294671	21294755	+	85	0	0	0	0	0	0	0	0
transcript:AT1G57260.1	1	21295128	21295212	+	85	0	0	0	0	0	0	0	0
transcript:AT1G57270.1	1	21295872	21295953	+	82	0	0	0	0	0	0	0	0
transcript:AT1G57280.1	1	21296205	21296289	+	85	0	0	0	0	0	0	0	0
transcript:AT1G57290.1	1	21296663	21296747	+	85	0	0	0	0	0	0	0	0
transcript:AT1G57300.1	1	21297221	21297302	+	82	0	0	0	0	0	0	0	0
transcript:AT1G57310.1	1	21297551	21297635	+	85	0	0	0	0	0	0	0	0
transcript:AT1G57320.1	1	21298009	21298093	+	85	0	0	0	0	0	0	0	0
transcript:AT1G57330.1	1	21298753	21298834	+	82	0	0	0	0	0	0	0	0
transcript:AT1G57340.1	1	21299086	21299170	+	85	0	0	0	0	0	0	0	0
transcript:AT1G57350.1	1	21299544	21299628	+	85	0	0	0	0	0	0	2	0
transcript:AT1G57360.1	1	21300102	21300183	+	82	0	0	0	0	0	0	0	0
transcript:AT1G57370.1	1	21300432	21300516	+	85	0	0	0	0	0	0	0	0
transcript:AT1G57380.1	1	21300890	21300974	+	85	0	0	0	0	0	0	0	0
transcript:AT1G57390.1	1	21301634	21301715	+	82	0	0	0	0	0	0	0	0
transcript:AT1G57400.1	1	21301967	21302051	+	85	0	0	0	0	0	0	0	0
transcript:AT1G57410.1	1	21302425	21302509	+	85	0	0	0	0	0	0	0	0
transcript:AT1G57420.1	1	21302983	21303064	+	82	0	0	0	0	0	0	0	0
transcript:AT1G57430.1	1	21303317	21303401	+	85	0	0	0	0	0	0	0	0
transcript:AT1G57440.1	1	21303777	21303861	+	85	0	0	0	0	0	0	0	0
transcript:AT1G57450.1	1	21304520	21304603	+	84	0	0	0	0	0	0	0	0
transcript:AT1G57460.1	1	21304856	21304935	+	80	0	0	0	0	0	0	0	0
transcript:AT1G57470.1	1	21305311	21305395	+	85	0	0	0	0	0	0	0	0
transcript:AT1G57480.1	1	21306055	21306136	+	82	0	0	0	0	0	0	0	0
transcript:AT1G57490.1	1	21306389	21306473	+	85	0	0	0	0	0	0	0	0
transcript:AT1G57500.1	1	21306849	21306933	+	85	0	0	0	0	0	0	0	0
transcript:AT1G57510.1	1	21307592	21307675	+	84	0	0	0	0	0	0	0	0
transcript:AT1G57520.1	1	21307928	21308012	+	85	0	0	0	0	0	0	0	0
transcript:AT1G57530.1	1	21308387	21308471	+	85	0	0	0	0	0	0	0	0
transcript:AT1G59570.1	1	21883843	21883924	-	82	0	0	0	0	0	0	0	0
transcript:AT1G59880.1	1	22040612	22040683	-	72	0	0	0	0	0	0	0	0
transcript:AT1G60580.1	1	22313414	22313484	-	71	0	0	0	0	0	2	1	0
transcript:AT1G60820.1	1	22394637	22394707	-	71	0	0	0	0	0	2	0	0
transcript:AT1G60840.1	1	22397592	22397662	-	71	0	0	0	0	0	0	0	0
transcript:AT1G60910.1	1	22428167	22428237	+	71	0	0	0	0	0	0	0	0
transcript:AT1G61020.1	1	22477773	22477846	-	74	0	0	2	0	0	0	0	0
transcript:AT1G61880.1	1	22866758	22866829	-	72	0	0	0	0	0	0	0	0
transcript:AT1G61910.1	1	22887090	22887169	+	80	0	0	0	0	0	0	0	0
transcript:AT1G63510.1	1	23559187	23559258	-	72	1	0	0	0	0	0	1	0
transcript:AT1G63790.1	1	23667485	23667556	-	72	0	0	0	0	0	0	0	0
transcript:AT1G64120.1	1	23802553	23802636	+	84	0	0	0	0	0	0	0	0
transcript:AT1G64420.1	1	23933137	23933209	+	73	0	0	0	0	0	0	0	0
transcript:AT1G65830.1	1	24486992	24487073	-	82	0	0	0	0	0	0	0	0
transcript:AT1G68770.1	1	25829654	25829725	+	72	14	11	16	12	29	26	12	18
transcript:AT1G68860.1	1	25886536	25886609	+	74	0	0	0	0	0	0	0	0
transcript:AT1G68950.1	1	25928196	25928268	+	73	0	0	0	0	0	0	0	0
transcript:AT1G68970.1	1	25932077	25932149	-	73	0	0	0	0	0	0	0	0
transcript:AT1G69000.1	1	25941164	25941235	+	72	0	0	0	0	0	1	0	0
transcript:AT1G69130.1	1	25989730	25989803	+	74	0	0	0	0	0	0	0	0
transcript:AT1G69300.1	1	26049478	26049551	+	74	0	0	1	0	0	0	1	0
transcript:AT1G70050.1	1	26382154	26382225	-	72	0	0	0	0	0	1	0	0
transcript:AT1G71700.1	1	26973389	26973459	+	71	3	3	1	1	0	2	1	0
transcript:AT1G72780.1	1	27393385	27393466	+	82	0	0	0	0	0	0	0	0
transcript:AT1G73900.1	1	27788983	27789054	+	72	0	0	0	0	0	0	0	0
transcript:AT1G74570.1	1	28020383	28020463	-	81	0	0	1	0	0	3	0	0
transcript:AT1G74610.1	1	28027960	28028040	+	81	0	0	0	0	0	0	0	0
transcript:AT1G75070.1	1	28184532	28184603	+	72	0	0	0	0	0	0	0	0
transcript:AT1G75570.1	1	28373489	28373561	-	73	0	0	0	2	0	0	0	0
transcript:AT1G75650.1	1	28407984	28408056	+	73	0	0	0	0	0	0	0	0
transcript:AT1G75740.1	1	28440889	28440960	+	72	0	0	0	0	0	0	0	0
transcript:AT1G75970.1	1	28519985	28520056	-	72	0	0	0	0	0	0	0	0
transcript:AT1G76000.1	1	28527767	28527838	+	72	0	0	0	0	0	0	0	0
transcript:AT1G76330.1	1	28634692	28634773	+	82	0	0	0	0	0	0	0	0
transcript:AT1G77040.1	1	28947554	28947625	-	72	0	0	1	0	0	0	1	0
transcript:AT1G77190.1	1	29002205	29002286	-	82	0	0	0	0	0	0	0	0
transcript:AT1G77560.1	1	29143090	29143161	-	72	0	0	0	0	0	0	0	0
transcript:AT1G78250.1	1	29443926	29444010	-	85	1	0	0	0	0	0	0	0
transcript:AT1G79240.1	1	29804123	29804195	+	73	0	0	0	0	0	0	0	0
transcript:AT1G79290.1	1	29833117	29833188	+	72	0	0	0	0	0	0	0	0
transcript:AT1G79300.1	1	29833718	29833789	+	72	0	0	0	0	0	0	0	0
transcript:AT1G79980.1	1	30083996	30084069	-	74	0	0	1	2	0	0	0	0
transcript:AT1G80250.1	1	30174007	30174085	-	79	0	0	0	0	0	0	0	0
transcript:AT1G80430.1	1	30237784	30237865	+	82	1	0	0	1	0	0	3	1
transcript:AT2G01160.1	2	102065	102138	+	74	0	0	0	0	0	0	0	0
transcript:AT2G02600.1	2	706796	706868	+	73	0	0	0	0	0	0	0	0
transcript:AT2G02900.1	2	846855	846927	-	73	0	0	0	0	0	0	0	0
transcript:AT2G03490.1	2	1054718	1054790	-	73	0	0	0	0	0	0	0	0
transcript:AT2G03660.1	2	1113984	1114055	-	72	0	0	0	0	0	0	0	0
transcript:AT2G03700.1	2	1123390	1123461	-	72	0	0	0	0	0	0	0	0
transcript:AT2G03790.1	2	1154385	1154457	+	73	0	0	0	0	0	0	0	0
transcript:AT2G07743.1	2	3255832	3255905	-	74	0	0	0	0	0	0	0	0
transcript:AT2G07745.1	2	3268801	3268879	+	79	0	0	0	0	0	0	0	0
transcript:AT2G07746.1	2	3276440	3276511	+	72	0	1	0	1	1	2	0	1
transcript:AT2G07748.1	2	3280863	3280936	+	74	0	0	0	0	0	0	0	1
transcript:AT2G07752.1	2	3303244	3303315	-	72	0	0	0	0	0	0	0	0
transcript:AT2G07753.1	2	3303354	3303428	-	75	0	0	0	1	1	0	0	0
transcript:AT2G07754.1	2	3303735	3303822	-	88	4	4	20	1	9	2	5	10
transcript:AT2G07755.1	2	3328670	3328742	-	73	0	0	0	0	0	0	0	0
transcript:AT2G07792.1	2	3332685	3332759	+	75	5	4	2	4	8	3	1	4
transcript:AT2G07793.1	2	3369354	3369440	+	87	0	0	0	0	0	0	0	0
transcript:AT2G07794.1	2	3383397	3383477	-	81	1	1	0	1	0	0	0	0
transcript:AT2G05315.1	2	3437584	3437652	+	69	1	5	5	2	2	1	4	2
transcript:AT2G07756.1	2	3444363	3444434	-	72	0	0	0	0	1	0	0	2
transcript:AT2G07757.1	2	3452977	3453063	+	87	0	0	0	0	0	2	0	0
transcript:AT2G07758.1	2	3462078	3462151	+	74	1	2	1	1	5	2	2	2
transcript:AT2G05355.1	2	3489589	3489657	+	69	1	0	0	0	0	0	0	0
transcript:AT2G07759.1	2	3494382	3494469	+	88	3	2	4	2	7	8	3	2
transcript:AT2G07761.1	2	3494776	3494850	+	75	0	2	0	0	0	0	1	1
transcript:AT2G07762.1	2	3495012	3495086	+	75	1	1	0	1	1	0	0	1
transcript:AT2G07763.1	2	3495442	3495512	+	71	0	4	6	2	3	4	1	1
transcript:AT2G07764.1	2	3496440	3496511	+	72	2	1	1	0	2	0	1	0
transcript:AT2G07765.1	2	3497358	3497440	+	83	6	4	1	1	3	1	6	2
transcript:AT2G07766.1	2	3503522	3503608	+	87	1	1	0	0	3	0	0	0
transcript:AT2G15950.1	2	6946791	6946879	-	89	0	0	0	0	0	0	0	0
transcript:AT2G16240.1	2	7039094	7039165	+	72	0	0	0	0	0	0	0	0
transcript:AT2G17810.1	2	7742712	7742785	+	74	0	0	0	1	1	1	0	0
transcript:AT2G18310.1	2	7955677	7955750	-	74	0	0	0	0	0	0	0	0
transcript:AT2G21360.1	2	9137356	9137427	+	72	0	0	0	0	0	0	0	0
transcript:AT2G21570.1	2	9234193	9234276	-	84	0	0	0	0	0	0	0	0
transcript:AT2G21670.1	2	9266809	9266889	-	81	0	0	0	0	0	0	0	0
transcript:AT2G21700.1	2	9270663	9270734	-	72	0	0	0	1	0	0	0	0
transcript:AT2G22110.1	2	9393670	9393743	+	74	0	0	0	0	0	0	0	0
transcript:AT2G22220.1	2	9449809	9449882	-	74	1	0	0	0	0	0	0	0
transcript:AT2G22280.1	2	9465581	9465653	-	73	0	0	0	0	0	0	0	0
transcript:AT2G22380.1	2	9502280	9502353	+	74	0	0	0	0	2	0	0	0
transcript:AT2G22580.1	2	9591027	9591099	+	73	0	0	0	0	0	0	0	0
transcript:AT2G23020.1	2	9803217	9803288	-	72	0	0	0	0	0	0	0	0
transcript:AT2G23650.1	2	10059446	10059517	-	72	0	0	0	0	0	0	0	0
transcript:AT2G24380.1	2	10373576	10373648	+	73	0	0	0	0	0	0	0	0
transcript:AT2G25400.1	2	10813839	10813911	+	73	0	0	0	0	0	0	0	0
transcript:AT2G26090.1	2	11115679	11115759	-	81	0	0	0	0	0	0	0	0
transcript:AT2G27560.1	2	11774852	11774923	-	72	0	0	0	0	0	0	0	0
transcript:AT2G27850.1	2	11864154	11864225	-	72	0	0	0	0	0	0	0	0
transcript:AT2G28730.1	2	12329003	12329074	+	72	0	0	0	0	0	0	0	0
transcript:AT2G28770.1	2	12339751	12339822	+	72	0	0	0	0	0	0	0	0
transcript:AT2G29030.1	2	12471773	12471844	-	72	0	0	0	0	0	0	0	0
transcript:AT2G29520.1	2	12638156	12638228	-	73	2	0	0	0	0	0	0	0
transcript:AT2G30180.1	2	12881591	12881661	+	71	0	0	2	0	0	0	0	0
transcript:AT2G30190.1	2	12882734	12882804	+	71	1	0	0	0	0	0	0	0
transcript:AT2G30450.1	2	12975948	12976018	-	71	0	0	0	0	0	0	0	0
transcript:AT2G30850.1	2	13137236	13137308	-	73	0	2	0	0	0	0	0	0
transcript:AT2G32110.1	2	13651274	13651348	+	75	0	0	0	0	0	0	0	0
transcript:AT2G33140.1	2	14047342	14047426	-	85	1	0	0	0	0	0	0	0
transcript:AT2G33650.1	2	14243131	14243202	+	72	0	0	4	0	0	0	0	0
transcript:AT2G33660.1	2	14244699	14244770	+	72	0	2	0	0	0	0	0	0
transcript:AT2G33890.1	2	14350386	14350457	+	72	0	0	0	0	0	0	0	0
transcript:AT2G33900.1	2	14351359	14351430	+	72	0	0	2	0	0	0	0	2
transcript:AT2G33910.1	2	14352191	14352262	+	72	1	1	1	1	0	0	0	0
transcript:AT2G33920.1	2	14353143	14353214	+	72	2	0	0	0	0	0	0	0
transcript:AT2G33930.1	2	14353656	14353727	+	72	0	1	0	0	1	0	0	0
transcript:AT2G33940.1	2	14354098	14354169	+	72	0	1	0	0	0	0	0	0
transcript:AT2G33950.1	2	14355137	14355208	+	72	0	0	2	0	0	0	0	0
transcript:AT2G33960.1	2	14356055	14356126	+	72	0	0	0	0	0	0	0	0
transcript:AT2G33970.1	2	14356521	14356592	+	72	0	0	0	0	0	0	0	0
transcript:AT2G34950.1	2	14743475	14743548	-	74	0	0	0	0	0	0	0	0
transcript:AT2G34985.1	2	14750064	14750134	+	71	0	0	0	0	0	0	0	0
transcript:AT2G35220.1	2	14840607	14840691	+	85	0	0	0	0	0	0	0	0
transcript:AT2G36140.1	2	15168862	15168935	+	74	0	0	0	0	0	0	0	0
transcript:AT2G36150.1	2	15169578	15169657	+	80	0	0	1	0	0	0	1	0
transcript:AT2G36280.1	2	15208355	15208438	-	84	0	0	0	0	0	0	0	0
transcript:AT2G36510.1	2	15320234	15320316	+	83	0	0	0	0	0	0	0	0
transcript:AT2G36520.1	2	15320385	15320467	-	83	0	0	0	0	0	0	0	0
transcript:AT2G36600.1	2	15346160	15346232	+	73	0	0	0	0	0	0	0	0
transcript:AT2G36860.1	2	15470162	15470245	-	84	0	0	0	0	0	0	0	0
transcript:AT2G38030.1	2	15916817	15916889	+	73	0	0	0	0	0	0	0	0
transcript:AT2G39600.1	2	16518564	16518635	-	72	0	0	0	0	0	0	0	0
transcript:AT2G39610.1	2	16518769	16518840	+	72	0	0	0	0	0	0	0	0
transcript:AT2G39860.1	2	16639780	16639851	-	72	0	0	0	0	0	2	0	0
transcript:AT2G42020.1	2	17538703	17538784	-	82	0	0	0	0	0	0	0	0
transcript:AT2G42420.1	2	17660778	17660848	+	71	0	0	0	0	0	0	0	0
transcript:AT2G42970.1	2	17873690	17873762	+	73	0	0	0	0	0	0	0	0
transcript:AT2G43300.1	2	17995573	17995644	-	72	0	0	0	0	0	0	0	0
transcript:AT2G44320.1	2	18309977	18310058	-	82	0	0	0	0	0	0	0	0
transcript:AT2G45020.1	2	18569911	18569983	+	73	0	0	0	0	0	0	0	0
transcript:AT2G45390.1	2	18703678	18703750	+	73	0	0	0	0	0	0	0	0
transcript:AT2G46120.1	2	18956641	18956713	+	73	0	0	0	0	0	0	0	0
transcript:AT2G47100.1	2	19344427	19344499	+	73	0	0	0	0	0	0	0	0
transcript:AT2G47740.1	2	19559855	19559925	-	71	1	0	0	0	0	0	0	0
transcript:AT3G01705.1	3	259634	259705	+	72	0	0	0	0	0	2	0	0
transcript:AT3G02315.1	3	469660	469733	+	74	0	0	0	0	0	1	0	0
transcript:AT3G02335.1	3	476802	476873	+	72	0	0	0	0	1	0	0	0
transcript:AT3G02715.1	3	586086	586167	+	82	2	0	0	2	0	0	0	0
transcript:AT3G03845.1	3	981969	982040	+	72	0	0	0	0	0	0	0	0
transcript:AT3G03852.1	3	984099	984170	+	72	0	0	0	0	0	0	0	0
transcript:AT3G04525.1	3	1220229	1220301	+	73	0	0	0	0	0	0	0	0
transcript:AT3G05525.1	3	1601338	1601409	-	72	0	2	0	0	0	1	0	1
transcript:AT3G05755.1	3	1707738	1707809	-	72	0	0	0	0	0	1	0	0
transcript:AT3G05835.1	3	1738791	1738864	+	74	0	0	0	0	0	0	0	0
transcript:AT3G06105.1	3	1843324	1843394	-	71	0	0	0	0	0	0	0	0
transcript:AT3G06335.1	3	1920033	1920104	-	72	0	0	0	0	0	0	0	1
transcript:AT3G06665.1	3	2104956	2105027	-	72	0	0	0	0	0	0	0	0
transcript:AT3G07025.1	3	2222246	2222318	+	73	0	0	2	0	0	0	0	0
transcript:AT3G07055.1	3	2232465	2232550	-	86	0	0	0	0	0	0	0	0
transcript:AT3G07115.1	3	2253675	2253756	-	82	0	0	0	0	0	0	0	0
transcript:AT3G07185.1	3	2285602	2285673	+	72	0	0	0	0	0	0	0	0
transcript:AT3G09505.1	3	2918413	2918486	-	74	0	0	0	0	0	0	0	0
transcript:AT3G09585.1	3	2944612	2944693	+	82	0	0	0	2	0	0	0	0
transcript:AT3G09595.1	3	2945696	2945777	-	82	0	1	0	0	0	0	0	0
transcript:AT3G10015.1	3	3090544	3090626	+	83	1	0	0	0	0	0	0	0
transcript:AT3G10035.1	3	3096216	3096288	+	73	0	0	0	0	0	0	0	0
transcript:AT3G10415.1	3	3238367	3238456	-	90	0	0	0	0	0	0	0	0
transcript:AT3G11285.1	3	3535146	3535218	+	73	0	0	0	0	0	0	0	0
transcript:AT3G11395.1	3	3575844	3575917	+	74	0	0	0	0	0	0	0	1
transcript:AT3G11505.1	3	3622692	3622763	-	72	0	0	0	0	0	0	0	0
transcript:AT3G12385.1	3	3942006	3942077	+	72	0	0	0	0	0	0	0	0
transcript:AT3G12585.1	3	3995097	3995169	-	73	0	0	1	0	0	2	0	1
transcript:AT3G13223.1	3	4254528	4254608	+	81	0	1	0	0	0	0	0	0
transcript:AT3G13335.1	3	4330772	4330843	+	72	0	0	0	0	0	0	0	0
transcript:AT3G14855.1	3	4998141	4998212	+	72	0	0	0	1	1	0	0	0
transcript:AT3G15055.1	3	5068294	5068367	-	74	0	0	0	0	0	0	0	0
transcript:AT3G15585.1	3	5275149	5275221	+	73	0	0	0	0	0	0	1	0
transcript:AT3G16552.1	3	5632852	5632924	+	73	0	0	0	0	0	0	0	0
transcript:AT3G18815.1	3	6483940	6484013	-	74	0	0	0	0	0	0	0	0
transcript:AT3G18952.1	3	6540631	6540715	+	85	0	0	0	0	0	0	0	0
transcript:AT3G19235.1	3	6663708	6663780	+	73	0	0	0	0	0	0	0	0
transcript:AT3G20655.1	3	7224218	7224290	-	73	1	0	1	0	0	0	0	0
transcript:AT3G20885.1	3	7319577	7319658	-	82	0	0	0	0	0	0	0	0
transcript:AT3G21475.1	3	7567394	7567465	-	72	0	0	0	0	0	0	0	0
transcript:AT3G25715.1	3	9372374	9372447	-	74	0	0	0	0	0	0	0	0
transcript:AT3G26747.1	3	9839184	9839257	+	74	0	0	0	0	0	0	0	0
transcript:AT3G27555.1	3	10210328	10210399	+	72	0	2	0	0	0	0	0	0
transcript:AT3G27825.1	3	10318262	10318333	+	72	1	0	0	0	0	0	0	1
transcript:AT3G27845.1	3	10324639	10324710	+	72	0	0	0	0	0	0	0	0
transcript:AT3G28685.1	3	10752431	10752503	+	73	0	0	0	0	0	0	0	0
transcript:AT3G28695.1	3	10759393	10759465	-	73	0	0	0	0	0	0	0	0
transcript:AT3G29095.1	3	11075578	11075649	+	72	0	0	0	0	0	0	0	0
transcript:AT3G30345.1	3	11959167	11959239	+	73	0	0	0	0	0	0	0	0
transcript:AT3G44955.1	3	16427041	16427112	-	72	0	0	0	0	0	0	0	0
transcript:AT3G45935.1	3	16885891	16885964	+	74	0	0	0	0	0	0	0	0
transcript:AT3G45955.1	3	16891639	16891712	+	74	0	0	0	0	0	0	0	0
transcript:AT3G45965.1	3	16894163	16894236	+	74	0	0	0	0	0	0	0	0
transcript:AT3G46585.1	3	17149752	17149823	+	72	2	0	0	0	0	0	0	0
transcript:AT3G46875.1	3	17264580	17264661	+	82	0	0	0	0	0	0	0	0
transcript:AT3G48275.1	3	17894411	17894482	+	72	0	0	0	0	0	0	0	0
transcript:AT3G48515.1	3	17974591	17974676	-	86	0	0	0	0	0	0	0	0
transcript:AT3G48745.1	3	18069078	18069149	+	72	0	0	0	0	0	0	0	0
transcript:AT3G49925.1	3	18507812	18507885	+	74	0	0	2	0	0	0	0	0
transcript:AT3G50505.1	3	18744808	18744879	-	72	0	0	0	0	0	0	0	0
transcript:AT3G50665.1	3	18826040	18826111	+	72	0	0	4	0	0	0	0	0
transcript:AT3G50835.1	3	18896871	18896943	+	73	0	0	3	0	0	0	0	0
transcript:AT3G50895.1	3	18917433	18917506	+	74	0	0	0	0	0	0	0	0
transcript:AT3G51135.1	3	18997643	18997715	-	73	0	0	0	0	0	0	1	0
transcript:AT3G51265.1	3	19033393	19033464	-	72	0	0	0	0	0	0	0	0
transcript:AT3G52285.1	3	19392674	19392745	-	72	0	0	0	0	0	0	0	0
transcript:AT3G52345.1	3	19409368	19409439	-	72	12	3	0	3	10	9	1	1
transcript:AT3G52565.1	3	19500988	19501067	+	80	1	1	1	0	2	1	0	0
transcript:AT3G52765.1	3	19555036	19555107	+	72	0	0	0	0	0	0	0	0
transcript:AT3G52955.1	3	19637128	19637210	+	83	0	0	0	0	0	0	0	0
transcript:AT3G53775.1	3	19924377	19924448	+	72	0	0	0	0	0	0	0	0
transcript:AT3G53965.1	3	19984941	19985011	+	71	0	0	0	0	0	0	0	0
transcript:AT3G55735.1	3	20693686	20693757	+	72	0	0	0	0	0	0	0	0
transcript:AT3G55795.1	3	20709173	20709244	+	72	0	0	0	0	0	0	0	0
transcript:AT3G56085.1	3	20813517	20813589	-	73	0	0	0	0	0	0	0	0
transcript:AT3G58035.1	3	21487317	21487398	+	82	0	0	0	0	0	0	0	0
transcript:AT3G58165.1	3	21542282	21542352	+	71	0	0	0	0	0	0	0	1
transcript:AT3G59415.1	3	21959510	21959580	+	71	0	0	0	0	0	0	0	0
transcript:AT3G59923.1	3	22138723	22138796	+	74	0	0	0	0	0	0	0	0
transcript:AT3G59926.1	3	22138847	22138918	-	72	0	0	0	0	0	0	0	0
transcript:AT3G60075.1	3	22186835	22186916	-	82	0	0	0	0	0	0	0	0
transcript:AT3G60805.1	3	22470241	22470313	-	73	0	0	1	0	0	0	1	0
transcript:AT3G61105.1	3	22611410	22611490	+	81	0	0	0	0	0	0	0	0
transcript:AT3G61545.1	3	22775922	22775994	+	73	2	0	0	0	0	0	0	0
transcript:AT3G61715.1	3	22842522	22842592	+	71	0	0	0	0	0	0	0	0
transcript:AT3G61755.1	3	22860127	22860199	+	73	0	0	0	0	0	0	0	0
transcript:AT3G61825.1	3	22881807	22881878	+	72	0	0	0	0	0	0	0	0
transcript:AT3G62245.1	3	23036880	23036952	+	73	0	0	0	0	0	0	0	0
transcript:AT3G62285.1	3	23051470	23051542	-	73	0	0	0	0	0	0	0	0
transcript:AT3G62735.1	3	23210707	23210777	+	71	0	0	0	0	0	0	0	0
transcript:AT3G63003.1	3	23285593	23285665	-	73	0	0	0	1	0	0	0	0
transcript:AT3G63006.1	3	23285754	23285826	-	73	0	0	0	0	0	0	0	0
transcript:AT4G00085.1	4	33800	33872	+	73	0	0	0	0	0	0	0	0
transcript:AT4G00985.1	4	424717	424788	-	72	0	0	0	0	0	0	0	0
transcript:AT4G01355.1	4	562561	562634	-	74	0	0	0	0	0	0	0	0
transcript:AT4G01865.1	4	808270	808342	-	73	0	1	3	1	3	3	1	0
transcript:AT4G02055.1	4	901176	901247	+	72	0	0	0	0	0	0	0	0
transcript:AT4G03135.1	4	1390895	1390966	+	72	0	0	0	0	0	0	0	0
transcript:AT4G03285.1	4	1442005	1442076	+	72	0	0	0	0	0	0	0	0
transcript:AT4G03405.1	4	1501607	1501678	+	72	0	0	0	0	2	0	1	0
transcript:AT4G03435.1	4	1520784	1520856	-	73	0	0	0	0	0	0	0	0
transcript:AT4G08345.1	4	5268128	5268213	-	86	0	0	0	0	0	0	2	1
transcript:AT4G10815.1	4	6646430	6646500	+	71	0	0	0	0	0	0	0	0
transcript:AT4G11177.1	4	6819292	6819375	+	84	0	0	0	0	0	0	0	0
transcript:AT4G11213.1	4	6837560	6837643	-	84	0	0	0	0	0	0	0	0
transcript:AT4G11216.1	4	6837774	6837857	-	84	0	0	0	0	0	0	0	0
transcript:AT4G11355.1	4	6905485	6905557	-	73	0	0	0	0	0	0	0	0
transcript:AT4G11405.1	4	6944727	6944798	+	72	0	0	0	0	0	0	0	0
transcript:AT4G11985.1	4	7185704	7185777	+	74	0	0	0	0	0	1	0	0
transcript:AT4G12065.1	4	7232799	7232871	-	73	2	0	0	0	3	1	1	0
transcript:AT4G12115.1	4	7256415	7256487	+	73	0	0	0	0	0	0	0	0
transcript:AT4G12405.1	4	7341424	7341497	-	74	0	0	0	0	0	0	0	0
transcript:AT4G13265.1	4	7730961	7731041	+	81	0	0	0	0	0	0	0	0
transcript:AT4G13445.1	4	7814202	7814274	+	73	0	0	0	0	0	0	0	0
transcript:AT4G14345.1	4	8255700	8255771	+	72	0	0	0	0	0	0	0	0
transcript:AT4G14415.1	4	8301725	8301798	-	74	0	0	0	0	0	0	1	0
transcript:AT4G15775.1	4	8979656	8979728	+	73	0	0	0	0	0	0	0	0
transcript:AT4G16105.1	4	9108308	9108381	+	74	0	0	0	0	0	0	0	0
transcript:AT4G16235.1	4	9191576	9191648	+	73	0	0	0	0	3	0	0	0
transcript:AT4G16465.1	4	9287209	9287282	+	74	0	0	0	0	0	0	0	0
transcript:AT4G16475.1	4	9289685	9289765	+	81	0	0	0	0	0	0	0	0
transcript:AT4G17612.1	4	9815203	9815274	-	72	1	0	0	0	0	0	0	0
transcript:AT4G17765.1	4	9873512	9873583	-	72	0	0	0	0	0	0	0	0
transcript:AT4G17975.1	4	9978106	9978177	-	72	0	0	1	0	0	0	0	1
transcript:AT4G18255.1	4	10093067	10093146	-	80	0	0	0	0	0	0	0	0
transcript:AT4G18725.1	4	10302001	10302073	+	73	0	0	0	0	0	0	0	0
transcript:AT4G18815.1	4	10325965	10326036	-	72	0	0	0	0	0	0	2	0
transcript:AT4G20115.1	4	10878724	10878797	-	74	0	0	0	0	1	0	0	0
transcript:AT4G22265.1	4	11774461	11774546	-	86	1	0	0	0	0	0	0	1
transcript:AT4G22635.1	4	11910289	11910362	+	74	0	0	0	0	0	0	0	0
transcript:AT4G22754.1	4	11954741	11954813	-	73	0	0	0	0	0	0	0	0
transcript:AT4G23635.1	4	12320110	12320193	+	84	3	0	0	0	0	0	0	0
transcript:AT4G23915.1	4	12429599	12429671	+	73	0	0	0	0	0	0	0	0
transcript:AT4G24025.1	4	12486202	12486272	-	71	0	0	0	0	0	0	0	0
transcript:AT4G24565.1	4	12686139	12686220	+	82	0	0	0	0	0	0	0	0
transcript:AT4G25435.1	4	13006234	13006306	-	73	0	0	0	0	0	0	0	0
transcript:AT4G25585.1	4	13058832	13058913	-	82	0	0	0	0	0	0	0	0
transcript:AT4G25635.1	4	13076574	13076657	-	84	0	0	0	0	0	0	0	0
transcript:AT4G26225.1	4	13285423	13285494	-	72	0	0	0	0	0	0	0	0
transcript:AT4G26375.1	4	13336337	13336410	-	74	0	1	0	0	0	0	0	0
transcript:AT4G26385.1	4	13341493	13341566	-	74	0	0	0	0	0	0	0	0
transcript:AT4G26675.1	4	13454557	13454629	+	73	0	0	0	0	0	0	0	0
transcript:AT4G27395.1	4	13704782	13704854	+	73	0	0	0	0	1	0	0	0
transcript:AT4G27875.1	4	13882917	13882988	-	72	0	0	0	0	0	0	0	0
transcript:AT4G27885.1	4	13885191	13885263	-	73	0	0	0	0	0	0	0	0
transcript:AT4G28362.1	4	14032490	14032561	+	72	0	0	0	0	0	0	0	0
transcript:AT4G28915.1	4	14267281	14267362	+	82	0	0	0	0	0	0	0	0
transcript:AT4G29415.1	4	14470278	14470349	+	72	0	0	0	0	0	0	0	0
transcript:AT4G31075.1	4	15120650	15120722	+	73	0	0	0	0	0	0	0	0
transcript:AT4G31265.1	4	15183084	15183156	+	73	4	0	0	0	0	0	0	0
transcript:AT4G31695.1	4	15345712	15345796	-	85	0	0	0	0	0	0	0	0
transcript:AT4G31895.1	4	15430224	15430297	-	74	0	0	0	0	0	0	0	0
transcript:AT4G32265.1	4	15576650	15576722	+	73	0	0	0	0	0	0	0	0
transcript:AT4G32475.1	4	15671393	15671463	+	71	0	0	0	0	0	1	0	0
transcript:AT4G32765.1	4	15804549	15804630	+	82	0	0	0	0	0	0	0	0
transcript:AT4G34035.1	4	16304124	16304196	+	73	0	0	0	0	0	0	0	0
transcript:AT4G34415.1	4	16454697	16454769	-	73	0	0	1	0	0	2	0	0
transcript:AT4G34695.1	4	16556623	16556695	+	73	0	0	0	0	0	0	0	0
transcript:AT4G34975.1	4	16655286	16655359	+	74	0	0	0	0	0	0	0	0
transcript:AT4G36197.1	4	17130052	17130124	+	73	0	0	0	0	0	0	0	0
transcript:AT4G36245.1	4	17149471	17149542	+	72	0	0	0	0	0	0	0	0
transcript:AT4G36635.1	4	17276701	17276774	-	74	0	0	0	0	0	0	0	0
transcript:AT4G37175.1	4	17500807	17500878	-	72	0	0	2	0	0	0	0	1
transcript:AT4G39195.1	4	18254989	18255072	-	84	0	0	1	0	0	0	0	0
transcript:AT4G39345.1	4	18293780	18293851	+	72	0	1	0	0	0	0	2	0
transcript:AT4G39615.1	4	18395028	18395099	+	72	0	0	0	0	0	0	0	0
transcript:AT4G39672.1	4	18411265	18411338	+	74	0	0	0	0	0	1	0	0
transcript:AT4G39865.1	4	18501712	18501784	-	73	0	0	0	0	0	0	0	0
transcript:AT4G39985.1	4	18542171	18542244	+	74	0	0	0	0	0	0	0	0
transcript:AT5G01365.1	5	150355	150427	-	73	0	0	0	0	0	0	0	0
transcript:AT5G02025.1	5	389893	389963	-	71	0	0	0	0	0	0	0	0
transcript:AT5G02385.1	5	508430	508502	-	73	0	0	0	0	0	0	0	0
transcript:AT5G02435.1	5	530822	530895	+	74	0	0	0	0	0	0	0	0
transcript:AT5G02505.1	5	559330	559401	-	72	0	0	0	0	0	0	0	0
transcript:AT5G02615.1	5	588893	588966	-	74	0	0	0	0	0	0	0	0
transcript:AT5G02725.1	5	614644	614725	+	82	0	0	0	0	0	0	0	0
transcript:AT5G02815.1	5	642400	642481	-	82	0	0	0	0	0	0	0	0
transcript:AT5G03445.1	5	858536	858619	+	84	0	0	0	0	0	0	0	0
transcript:AT5G03452.1	5	862397	862469	-	73	0	1	0	0	0	0	0	0
transcript:AT5G03705.1	5	970799	970879	-	81	0	0	0	0	0	0	0	0
transcript:AT5G03745.1	5	984367	984449	+	83	0	0	0	0	0	0	0	0
transcript:AT5G03775.1	5	998942	999014	+	73	0	0	0	0	0	0	0	0
transcript:AT5G05795.1	5	1742692	1742764	+	73	0	0	0	0	0	0	0	0
transcript:AT5G05945.1	5	1788651	1788722	+	72	0	0	0	1	0	1	0	0
transcript:AT5G05985.1	5	1804616	1804689	+	74	0	0	0	0	0	0	0	0
transcript:AT5G06125.1	5	1853302	1853381	-	80	0	0	0	0	0	0	0	0
transcript:AT5G06685.1	5	2060153	2060234	-	82	0	0	0	0	0	0	0	0
transcript:AT5G07135.1	5	2212678	2212748	-	71	0	0	0	0	0	0	0	0
transcript:AT5G07315.1	5	2309463	2309548	-	86	0	0	0	0	0	0	0	0
transcript:AT5G07625.1	5	2411148	2411231	+	84	0	0	0	0	0	0	0	0
transcript:AT5G07675.1	5	2432263	2432335	-	73	0	0	0	0	0	0	0	0
transcript:AT5G08075.1	5	2587826	2587898	-	73	0	0	0	0	0	0	0	0
transcript:AT5G09345.1	5	2898867	2898950	-	84	0	0	0	0	0	0	0	0
transcript:AT5G09655.1	5	2993327	2993400	+	74	0	0	1	1	0	0	0	0
transcript:AT5G09755.1	5	3030817	3030889	-	73	0	0	0	0	0	0	0	0
transcript:AT5G09975.1	5	3118377	3118457	+	81	0	0	0	0	0	0	0	0
transcript:AT5G10235.1	5	3212351	3212423	-	73	0	0	0	0	0	0	0	0
transcript:AT5G10455.1	5	3287553	3287634	-	82	0	0	0	0	0	0	0	0
transcript:AT5G10525.1	5	3324702	3324774	+	73	0	0	0	0	0	0	0	0
transcript:AT5G11225.1	5	3578295	3578366	-	72	0	0	0	0	0	0	0	0
transcript:AT5G11325.1	5	3617058	3617129	+	72	0	0	0	0	0	0	0	0
transcript:AT5G11475.1	5	3669000	3669072	-	73	0	0	0	0	0	0	0	0
transcript:AT5G13845.1	5	4471048	4471119	+	72	0	0	0	0	0	0	0	0
transcript:AT5G14035.1	5	4530474	4530546	+	73	0	0	0	0	0	0	0	0
transcript:AT5G14495.1	5	4673900	4673971	+	72	0	0	0	0	0	0	0	0
transcript:AT5G15175.1	5	4929560	4929633	+	74	0	0	0	0	0	0	0	0
transcript:AT5G15805.1	5	5157639	5157712	+	74	0	0	0	0	0	0	0	0
transcript:AT5G15815.1	5	5161512	5161583	+	72	0	0	2	0	0	0	0	0
transcript:AT5G16375.1	5	5358916	5358997	+	82	0	0	0	0	0	0	0	0
transcript:AT5G18005.1	5	5962698	5962769	-	72	0	0	0	0	0	0	0	0
transcript:AT5G18015.1	5	5965971	5966042	-	72	0	0	0	0	0	0	0	0
transcript:AT5G18085.1	5	5984377	5984448	+	72	0	0	0	0	0	0	0	0
transcript:AT5G18755.1	5	6258145	6258216	+	72	0	0	0	0	0	0	0	0
transcript:AT5G19095.1	5	6401239	6401309	+	71	0	0	0	0	0	0	0	0
transcript:AT5G20852.1	5	7073530	7073601	-	72	0	0	0	0	0	0	0	0
transcript:AT5G20854.1	5	7073943	7074014	-	72	0	0	0	0	0	0	0	0
transcript:AT5G20856.1	5	7074356	7074427	-	72	0	0	0	0	0	0	0	0
transcript:AT5G20858.1	5	7074772	7074843	-	72	0	0	0	0	0	0	0	0
transcript:AT5G21378.1	5	7222057	7222128	-	72	0	0	0	0	0	0	0	0
transcript:AT5G22315.1	5	7387888	7387959	+	72	0	1	1	0	0	0	0	0
transcript:AT5G23665.1	5	7981398	7981469	+	72	0	0	0	0	0	0	0	0
transcript:AT5G25585.1	5	8906416	8906499	+	84	0	0	0	0	0	0	0	0
transcript:AT5G25625.1	5	8946824	8946896	-	73	0	0	0	0	0	0	0	0
transcript:AT5G27715.1	5	9815402	9815473	-	72	0	0	0	0	2	0	0	0
transcript:AT5G32017.1	5	11785055	11785126	+	72	0	0	0	0	0	0	0	0
transcript:AT5G35605.1	5	13805982	13806054	-	73	0	0	0	0	0	0	0	0
transcript:AT5G37795.1	5	15032508	15032581	-	74	0	0	0	0	0	0	0	0
transcript:AT5G38155.1	5	15225318	15225391	+	74	0	0	0	0	0	0	0	0
transcript:AT5G38905.1	5	15575857	15575930	+	74	0	0	0	0	0	0	0	0
transcript:AT5G39535.1	5	15827026	15827097	-	72	0	0	0	0	0	0	0	0
transcript:AT5G39895.1	5	15976287	15976359	+	73	0	0	0	0	0	0	0	0
transcript:AT5G40545.1	5	16239638	16239709	-	72	0	0	0	0	0	0	0	0
transcript:AT5G40945.1	5	16410585	16410665	+	81	0	0	0	0	0	0	0	0
transcript:AT5G41265.1	5	16507533	16507604	-	72	0	0	0	0	0	0	0	0
transcript:AT5G41605.1	5	16638166	16638249	+	84	0	0	0	0	0	0	0	0
transcript:AT5G41675.1	5	16667436	16667507	-	72	0	0	0	0	0	0	0	0
transcript:AT5G43455.1	5	17459175	17459247	-	73	5	0	0	0	0	0	2	1
transcript:AT5G43535.1	5	17495541	17495611	-	71	0	0	0	2	0	0	0	0
transcript:AT5G44283.1	5	17839585	17839656	-	72	0	0	0	0	0	0	0	0
transcript:AT5G44375.1	5	17877680	17877752	-	73	0	0	0	0	0	0	0	0
transcript:AT5G44705.1	5	18040788	18040861	+	74	0	0	1	0	0	0	0	0
transcript:AT5G45715.1	5	18542980	18543051	-	72	0	0	0	0	0	0	0	0
transcript:AT5G45745.1	5	18558845	18558916	+	72	0	0	0	0	0	0	0	0
transcript:AT5G46105.1	5	18698662	18698733	-	72	2	0	3	0	0	3	0	0
transcript:AT5G46325.1	5	18790308	18790387	+	80	0	0	0	0	0	0	0	0
transcript:AT5G46595.1	5	18907523	18907594	+	72	0	0	0	0	0	0	0	0
transcript:AT5G48465.1	5	19641603	19641674	+	72	0	0	0	0	0	0	0	0
transcript:AT5G48675.1	5	19744175	19744246	-	72	0	0	0	0	0	0	0	0
transcript:AT5G48835.1	5	19803135	19803220	+	86	0	0	0	0	0	0	0	0
transcript:AT5G49435.1	5	20046823	20046894	+	72	0	0	0	0	0	0	0	0
transcript:AT5G50805.1	5	20675222	20675293	+	72	0	0	0	0	0	0	0	0
transcript:AT5G50995.1	5	20741626	20741714	-	89	1	0	0	0	0	0	0	0
transcript:AT5G51055.1	5	20756330	20756411	+	82	0	0	0	0	0	0	0	0
transcript:AT5G52355.1	5	21257834	21257915	-	82	0	0	0	0	0	0	0	0
transcript:AT5G52495.1	5	21300880	21300963	-	84	0	0	0	0	0	0	0	0
transcript:AT5G52815.1	5	21401144	21401215	+	72	0	0	0	0	0	0	0	0
transcript:AT5G53487.1	5	21723114	21723184	-	71	0	0	0	0	0	0	0	0
transcript:AT5G54365.1	5	22074406	22074478	+	73	0	0	0	0	0	0	0	0
transcript:AT5G54375.1	5	22076862	22076934	+	73	0	0	0	0	0	0	0	0
transcript:AT5G54865.1	5	22287626	22287697	-	72	0	0	0	0	0	0	0	0
transcript:AT5G55045.1	5	22338672	22338744	-	73	3	0	0	0	0	0	0	0
transcript:AT5G55055.1	5	22340501	22340573	-	73	0	0	0	0	0	0	0	0
transcript:AT5G55505.1	5	22484770	22484842	-	73	0	0	0	0	0	0	0	0
transcript:AT5G56365.1	5	22828131	22828204	+	74	0	0	0	0	0	0	0	0
transcript:AT5G56745.1	5	22955841	22955912	+	72	0	0	0	0	1	0	0	0
transcript:AT5G56975.1	5	23054771	23054844	-	74	0	0	0	0	0	0	2	0
transcript:AT5G57885.1	5	23445994	23446065	+	72	0	0	0	0	0	0	0	0
transcript:AT5G58495.1	5	23644711	23644792	+	82	0	0	0	0	0	0	0	0
transcript:AT5G59055.1	5	23844206	23844277	+	72	0	0	0	0	0	0	0	1
transcript:AT5G59385.1	5	23953942	23954013	+	72	0	1	0	1	0	0	1	1
transcript:AT5G59395.1	5	23957430	23957501	+	72	0	0	0	0	0	0	0	0
transcript:AT5G59945.1	5	24139946	24140019	-	74	0	0	0	0	0	0	0	0
transcript:AT5G60285.1	5	24262580	24262660	+	81	3	3	0	1	10	2	6	2
transcript:AT5G60963.1	5	24530176	24530248	+	73	0	0	0	0	0	0	0	0
transcript:AT5G60966.1	5	24531667	24531738	+	72	0	0	0	0	0	0	0	0
transcript:AT5G61345.1	5	24667282	24667353	+	72	0	0	0	0	0	0	0	0
transcript:AT5G61445.1	5	24709666	24709738	+	73	0	0	0	0	0	0	0	0
transcript:AT5G61835.1	5	24838980	24839064	+	85	1	0	0	0	0	0	0	0
transcript:AT5G63145.1	5	25330036	25330107	+	72	0	0	0	0	0	0	0	0
transcript:AT5G64505.1	5	25784115	25784188	+	74	0	0	0	0	0	0	0	0
transcript:AT5G64735.1	5	25875394	25875465	-	72	0	0	0	0	0	0	0	0
transcript:AT5G64855.1	5	25925066	25925146	+	81	3	0	3	1	0	0	0	0
transcript:AT5G65015.1	5	25972678	25972750	+	73	0	0	0	1	0	2	0	0
transcript:AT5G65305.1	5	26097483	26097567	-	85	0	0	0	0	0	0	0	0
transcript:AT5G65445.1	5	26157189	26157270	-	82	0	2	0	0	0	2	0	0
transcript:AT5G65535.1	5	26195459	26195531	+	73	0	0	0	0	0	0	0	0
transcript:AT5G65615.1	5	26221634	26221707	-	74	0	0	0	0	0	0	0	0
transcript:AT5G66535.1	5	26556023	26556096	-	74	0	0	0	0	0	0	0	0
transcript:AT5G66568.1	5	26568397	26568470	+	74	0	0	0	0	0	0	0	0
transcript:AT5G66755.1	5	26653270	26653341	-	72	0	0	0	0	0	0	0	0
transcript:AT5G66817.1	5	26682708	26682778	-	71	0	0	0	0	0	0	0	0
transcript:AT5G67455.1	5	26921672	26921743	+	72	0	0	0	0	4	1	0	1
transcript:ATMG00100.1	Mt	28898	28970	-	73	0	0	0	0	2	2	1	1
transcript:ATMG09450.1	Mt	47103	47182	+	80	22	25	21	22	39	25	26	34
transcript:ATMG00190.1	Mt	53736	53807	-	72	0	0	1	0	1	0	1	0
transcript:ATMG00230.1	Mt	62349	62435	+	87	0	0	0	2	2	0	0	0
transcript:ATMG00250.1	Mt	71453	71526	+	74	2	0	2	6	2	5	0	2
transcript:ATMG00330.1	Mt	103827	103914	+	88	0	2	2	1	7	3	4	5
transcript:ATMG00340.1	Mt	104221	104295	+	75	0	0	0	0	2	1	1	1
transcript:ATMG00350.1	Mt	104457	104531	+	75	0	1	0	0	1	4	0	1
transcript:ATMG00360.1	Mt	104885	104955	+	71	1	1	1	0	3	2	0	0
transcript:ATMG00380.1	Mt	105877	105948	+	72	4	2	1	1	1	4	0	1
transcript:ATMG00390.1	Mt	106797	106879	+	83	3	3	0	6	0	0	1	7
transcript:ATMG00420.1	Mt	112953	113039	+	87	1	0	0	0	0	0	0	0
transcript:ATMG00460.1	Mt	127014	127094	-	81	0	3	0	2	0	0	0	3
transcript:ATMG09730.1	Mt	181268	181347	+	80	21	7	17	23	24	20	17	19
transcript:ATMG09740.1	Mt	191954	192025	-	72	0	0	0	1	0	0	5	1
transcript:ATMG00700.1	Mt	204340	204412	-	73	0	0	1	0	0	0	0	0
transcript:ATMG00780.1	Mt	227109	227196	+	88	5	4	3	4	5	2	4	10
transcript:ATMG00790.1	Mt	227503	227577	+	75	0	0	0	0	0	0	0	0
transcript:ATMG00800.1	Mt	227616	227687	+	72	0	0	0	0	0	0	0	0
transcript:ATMG00930.1	Mt	250080	250153	-	74	0	0	0	1	0	0	0	1
transcript:ATMG00950.1	Mt	254505	254576	-	72	0	0	0	0	2	0	0	0
transcript:ATMG01070.1	Mt	275103	275176	+	74	0	0	0	0	2	0	0	0
transcript:ATMG01160.1	Mt	296688	296774	-	87	1	5	1	0	2	0	0	1
transcript:ATMG09950.1	Mt	333651	333725	-	75	4	4	4	5	8	6	2	2
transcript:ATMG01340.1	Mt	337669	337741	+	73	0	0	0	0	0	0	0	0
transcript:ATMG09960.1	Mt	347266	347348	+	83	0	2	1	2	1	0	0	2
transcript:ATMG09980.1	Mt	359666	359739	-	74	6	1	15	14	16	20	8	5
transcript:ATCG00010.1	Pt	4	76	-	73	510	11	559	605	556	766	520	398
transcript:ATCG00030.1	Pt	1717	4347	-	2631	2278	2178	3634	4178	2231	2326	3298	2751
transcript:ATCG00060.1	Pt	6616	6687	-	72	0	1	0	0	1	0	3	0
transcript:ATCG00090.1	Pt	7785	7872	+	88	115	43	164	162	127	141	108	95
transcript:ATCG00100.1	Pt	8646	9431	+	786	74	86	114	112	130	68	153	94
transcript:ATCG00110.1	Pt	9590	9661	+	72	5	11	6	13	12	4	10	3
transcript:ATCG00200.1	Pt	27373	27443	+	71	9	7	10	6	3	6	2	2
transcript:ATCG00230.1	Pt	29801	29874	-	74	1	1	1	0	2	0	0	0
transcript:ATCG00240.1	Pt	30323	30406	-	84	4	2	19	8	35	22	9	2
transcript:ATCG00250.1	Pt	30466	30538	-	73	1	0	11	10	4	13	4	3
transcript:ATCG00260.1	Pt	31369	31440	+	72	4	0	2	2	1	0	4	1
transcript:ATCG00290.1	Pt	35312	35403	+	92	171	78	194	352	173	191	233	195
transcript:ATCG00310.1	Pt	36490	36560	+	71	5	7	12	6	2	13	10	4
transcript:ATCG00320.1	Pt	36704	36777	-	74	4	0	7	15	7	15	12	11
transcript:ATCG00370.1	Pt	44827	44913	+	87	12	3	12	9	11	18	25	13
transcript:ATCG00390.1	Pt	46213	46285	-	73	276	117	344	455	204	231	234	284
transcript:ATCG00400.1	Pt	46894	47490	+	597	1731	1907	2466	3199	1293	1569	2054	2108
transcript:ATCG00410.1	Pt	48175	48247	+	73	7	6	10	16	5	8	15	11
transcript:ATCG00450.1	Pt	51199	51871	-	673	506	585	850	9624	635	546	642	735
transcript:ATCG00460.1	Pt	52056	52128	+	73	36	43	37	133	39	54	40	50
transcript:ATCG00610.1	Pt	66229	66302	-	74	5	10	6	9	12	18	7	6
transcript:ATCG00620.1	Pt	66490	66563	-	74	68	63	73	90	45	54	53	69
transcript:ATCG00850.1	Pt	86312	86385	-	74	0	3	0	0	1	0	0	1
transcript:ATCG00880.1	Pt	94276	94356	-	81	0	2	2	2	0	1	1	0
transcript:ATCG00910.1	Pt	100709	100780	+	72	0	0	0	0	1	1	0	0
transcript:ATCG00930.1	Pt	102801	103601	+	801	191	109	160	1253	180	185	213	232
transcript:ATCG00940.1	Pt	103665	104538	+	874	4715	4923	4975	8464	3124	5034	4855	4743
transcript:ATCG00980.1	Pt	108302	108375	+	74	13	6	13	2	3	11	5	3
transcript:ATCG00990.1	Pt	109013	109084	-	72	1	2	5	2	5	5	5	4
transcript:ATCG01030.1	Pt	114270	114349	+	80	0	1	1	0	0	0	2	1
transcript:ATCG01140.1	Pt	129565	129636	+	72	1	2	5	0	7	1	3	2
transcript:ATCG01150.1	Pt	130274	130347	-	74	6	5	8	1	3	11	10	5
transcript:ATCG01190.1	Pt	134111	134984	-	874	4803	4801	4773	8458	3116	4931	4815	4662
transcript:ATCG01200.1	Pt	135048	135848	-	801	204	105	182	1255	186	201	203	189
transcript:ATCG01220.1	Pt	137869	137940	-	72	0	0	1	0	2	1	0	1
transcript:ATCG01260.1	Pt	144293	144373	+	81	0	0	0	1	0	0	1	0
transcript:ATCG01290.1	Pt	152264	152337	+	74	0	3	0	0	0	0	0	1
