# Program:featureCounts v2.0.3; Command:"featureCounts" "-p" "-a" "DataBase/Arabidopsis_thaliana.TAIR10.54.gff3" "-t" "snoRNA" "-g" "ID" "-o" "AtAgo1_RNA-seq_featureCounts_snoRNA.txt" "AtAgo1_RNA-seq/220809_RNAseq/Files/bam/AGO1_3_39bp._sorted_rmblack.bam" "AtAgo1_RNA-seq/220809_RNAseq/Files/bam/AGO1_4_39bp._sorted_rmblack.bam" "AtAgo1_RNA-seq/220809_RNAseq/Files/bam/Col_1_39bp._sorted_rmblack.bam" "AtAgo1_RNA-seq/220809_RNAseq/Files/bam/Col_2_39bp._sorted_rmblack.bam" "AtAgo1_RNA-seq/220809_RNAseq/Files/bam/ago1_1_39bp._sorted_rmblack.bam" "AtAgo1_RNA-seq/220809_RNAseq/Files/bam/ago1_2_39bp._sorted_rmblack.bam" "AtAgo1_RNA-seq/220809_RNAseq/Files/bam/deltaN_1_9_39bp._sorted_rmblack.bam" "AtAgo1_RNA-seq/220809_RNAseq/Files/bam/deltaN_4_1_39bp._sorted_rmblack.bam" 
Geneid	Chr	Start	End	Strand	Length	AtAgo1_RNA-seq/220809_RNAseq/Files/bam/AGO1_3_39bp._sorted_rmblack.bam	AtAgo1_RNA-seq/220809_RNAseq/Files/bam/AGO1_4_39bp._sorted_rmblack.bam	AtAgo1_RNA-seq/220809_RNAseq/Files/bam/Col_1_39bp._sorted_rmblack.bam	AtAgo1_RNA-seq/220809_RNAseq/Files/bam/Col_2_39bp._sorted_rmblack.bam	AtAgo1_RNA-seq/220809_RNAseq/Files/bam/ago1_1_39bp._sorted_rmblack.bam	AtAgo1_RNA-seq/220809_RNAseq/Files/bam/ago1_2_39bp._sorted_rmblack.bam	AtAgo1_RNA-seq/220809_RNAseq/Files/bam/deltaN_1_9_39bp._sorted_rmblack.bam	AtAgo1_RNA-seq/220809_RNAseq/Files/bam/deltaN_4_1_39bp._sorted_rmblack.bam
transcript:AT1G04187.1	1	875056	875189	-	134	4	3	1	3	8	10	3	6
transcript:AT1G04193.1	1	875224	875340	-	117	2	2	3	1	0	1	2	4
transcript:AT1G03502.1	1	875358	875471	-	114	6	3	7	11	6	2	3	3
transcript:AT1G03506.1	1	875518	875604	-	87	8	11	3	2	2	2	3	5
transcript:AT1G04197.1	1	875679	875823	-	145	3	2	5	0	1	1	7	7
transcript:AT1G04213.1	1	937032	937141	-	110	2	0	0	2	3	1	1	1
transcript:AT1G03743.1	1	937207	937287	-	81	1	0	0	0	0	0	1	0
transcript:AT1G03746.1	1	937401	937485	-	85	0	0	0	0	0	0	0	0
transcript:AT1G04217.1	1	1008592	1008735	+	144	16	11	9	5	8	8	17	13
transcript:AT1G03935.1	1	1008810	1008896	+	87	14	11	7	20	3	8	11	11
transcript:AT1G04223.1	1	1009073	1009189	+	117	7	9	7	7	3	3	11	3
transcript:AT1G04227.1	1	1009249	1009356	+	108	2	4	8	4	2	1	1	6
transcript:AT1G04267.1	1	1216552	1216691	+	140	7	7	12	12	3	1	6	5
transcript:AT1G04273.1	1	1216722	1216865	+	144	4	6	9	2	5	1	5	4
transcript:AT1G04277.1	1	1216921	1217061	+	141	3	5	14	9	8	8	3	8
transcript:AT1G04517.1	1	2107313	2107396	-	84	0	1	0	0	2	0	0	0
transcript:AT1G04527.1	1	2111064	2111147	-	84	0	0	0	0	0	0	0	0
transcript:AT1G04547.1	1	2156221	2156306	-	86	0	1	0	1	0	0	0	2
transcript:AT1G07702.1	1	2382251	2382331	-	81	11	30	14	15	30	28	16	16
transcript:AT1G12013.1	1	4058287	4058416	+	130	1	2	2	0	2	6	0	2
transcript:AT1G12015.1	1	4058487	4058576	+	90	0	0	0	0	0	0	0	0
transcript:AT1G05137.1	1	5170210	5170307	-	98	0	1	0	0	0	1	1	0
transcript:AT1G05247.1	1	5686093	5686179	-	87	3	2	2	3	1	6	1	0
transcript:AT1G05417.1	1	6465796	6465869	-	74	13	15	19	19	23	24	14	17
transcript:AT1G05423.1	1	6465930	6466011	-	82	13	8	25	25	24	13	12	16
transcript:AT1G05427.1	1	6466092	6466188	-	97	19	15	26	15	26	16	17	20
transcript:AT1G05433.1	1	6466303	6466371	-	69	6	8	11	2	10	9	5	14
transcript:AT1G19373.1	1	6697178	6697253	+	76	0	0	1	2	3	1	0	1
transcript:AT1G19376.1	1	6697438	6697524	+	87	0	0	0	1	0	0	1	0
transcript:AT1G20015.1	1	6941285	6941373	+	89	2	1	3	4	1	2	2	0
transcript:AT1G05563.1	1	7176122	7176189	-	68	16	19	30	24	13	26	21	21
transcript:AT1G05907.1	1	8756228	8756303	-	76	0	0	0	0	0	1	0	0
transcript:AT1G05917.1	1	8756361	8756459	-	99	3	8	0	8	16	12	6	0
transcript:AT1G26233.1	1	9076048	9076182	-	135	0	1	2	1	0	3	3	2
transcript:AT1G05993.1	1	9076304	9076386	-	83	1	2	0	0	3	0	0	0
transcript:AT1G05997.1	1	9076445	9076638	-	194	5	2	2	0	5	3	0	0
transcript:AT1G06033.1	1	9316015	9316161	-	147	8	8	10	13	5	5	6	5
transcript:AT1G06087.1	1	9515628	9515750	+	123	10	0	5	4	1	1	0	0
transcript:AT1G29071.1	1	10151668	10151774	-	107	4	0	3	1	4	3	1	5
transcript:AT1G06233.1	1	10300351	10300453	+	103	29	44	39	33	25	21	16	31
transcript:AT1G06237.1	1	10300489	10300565	+	77	31	46	37	16	33	19	28	20
transcript:AT1G06243.1	1	10300619	10300699	+	81	42	38	34	20	30	26	27	34
transcript:AT1G06247.1	1	10300749	10300834	+	86	16	15	11	17	16	14	16	17
transcript:AT1G06253.1	1	10300882	10301021	+	140	63	102	91	90	71	82	84	95
transcript:AT1G06263.1	1	10308751	10308840	+	90	12	12	11	8	0	3	13	10
transcript:AT1G06267.1	1	10308881	10308957	+	77	3	7	4	4	2	2	2	9
transcript:AT1G06273.1	1	10309011	10309092	+	82	2	9	4	6	3	3	1	12
transcript:AT1G06277.1	1	10309131	10309220	+	90	1	7	5	5	5	2	6	6
transcript:AT1G06283.1	1	10309265	10309404	+	140	22	35	14	28	13	4	24	22
transcript:AT1G06397.1	1	11040576	11040721	-	146	70	80	96	90	77	82	73	107
transcript:AT1G06453.1	1	11423317	11423487	-	171	18	33	16	6	15	14	22	32
transcript:AT1G06457.1	1	11435420	11435573	-	154	2	11	4	3	3	6	2	11
transcript:AT1G06463.1	1	11435788	11435981	-	194	16	17	12	8	12	11	8	8
transcript:AT1G06467.1	1	11436074	11436272	-	199	0	0	3	1	0	4	0	0
transcript:AT1G06547.1	1	11684910	11684994	+	85	9	13	5	3	10	9	8	4
transcript:AT1G32385.1	1	11685060	11685144	+	85	6	4	1	0	5	4	3	7
transcript:AT1G06553.1	1	11685235	11685376	+	142	2	5	4	5	5	7	1	4
transcript:AT1G06667.1	1	12083969	12084054	+	86	0	0	0	1	2	1	0	0
transcript:AT1G06673.1	1	12097190	12097275	-	86	0	0	0	0	2	0	0	0
transcript:AT1G07393.1	1	17483905	17483957	-	53	0	0	1	0	0	0	0	0
transcript:AT1G07487.1	1	17910854	17910956	+	103	0	0	0	0	0	0	0	0
transcript:AT1G07593.1	1	18428009	18428096	-	88	0	0	0	0	0	1	0	0
transcript:AT1G07897.1	1	19981416	19981565	+	150	37	32	43	36	82	55	26	23
transcript:AT1G07903.1	1	19981637	19981752	+	116	14	21	29	24	32	37	18	11
transcript:AT1G07957.1	1	20260311	20260398	+	88	1	0	0	0	3	2	1	0
transcript:AT1G08107.1	1	21052348	21052422	-	75	3	1	0	2	4	6	0	0
transcript:AT1G08113.1	1	21052483	21052567	-	85	0	0	0	1	1	2	0	0
transcript:AT1G08117.1	1	21052627	21052715	-	89	0	0	0	0	1	1	0	0
transcript:AT1G08123.1	1	21052867	21052953	-	87	3	0	2	0	0	1	1	0
transcript:AT1G08327.1	1	22313324	22313411	-	88	0	0	0	0	0	1	1	0
transcript:AT1G08347.1	1	22394549	22394634	-	86	0	0	0	0	0	0	0	0
transcript:AT1G08353.1	1	22428241	22428327	+	87	0	0	0	0	0	0	0	0
transcript:AT1G08643.1	1	23701178	23701304	+	127	5	4	11	9	17	38	7	7
transcript:AT1G08937.1	1	25262574	25262706	+	133	4	2	2	3	3	2	0	5
transcript:AT1G09027.1	1	25926968	25927100	-	133	75	69	57	48	33	68	59	89
transcript:AT1G09083.1	1	26190297	26190434	+	138	16	9	24	16	14	13	9	13
transcript:AT1G09087.1	1	26190603	26190685	+	83	10	6	10	6	11	6	5	4
transcript:AT1G09333.1	1	27348657	27348791	+	135	99	180	145	148	62	48	123	151
transcript:AT1G74453.1	1	27984604	27984713	-	110	45	48	40	33	42	33	43	38
transcript:AT1G74456.1	1	27984745	27984826	-	82	45	39	19	39	33	34	39	42
transcript:AT1G09467.1	1	27984975	27985042	-	68	22	30	27	22	30	22	35	38
transcript:AT1G09533.1	1	28212219	28212357	+	139	17	13	15	13	12	3	14	8
transcript:AT1G75163.1	1	28212395	28212474	+	80	8	6	7	8	16	3	9	3
transcript:AT1G75166.1	1	28212518	28212603	+	86	18	21	19	12	13	15	21	24
transcript:AT1G09787.1	1	29422295	29422360	+	66	0	1	2	5	6	4	2	4
transcript:AT1G09867.1	1	29911240	29911379	-	140	6	10	6	16	9	13	12	10
transcript:AT1G09873.1	1	29911424	29911447	-	24	0	1	3	2	2	4	3	0
transcript:AT1G09877.1	1	29911623	29911708	-	86	10	4	6	2	8	5	7	4
transcript:AT1G09883.1	1	29911741	29911812	-	72	3	5	6	4	8	8	8	9
transcript:AT2G05765.1	2	2184567	2184645	-	79	21	18	16	22	21	37	18	17
transcript:AT2G04955.1	2	2184672	2184820	-	149	47	31	48	57	56	75	28	43
transcript:AT2G04965.1	2	2185022	2185087	-	66	25	15	20	18	25	33	18	15
transcript:AT2G05525.1	2	4054966	4055050	-	85	0	0	0	0	0	0	0	0
transcript:AT2G05565.1	2	4224882	4224967	-	86	0	0	0	0	0	0	0	0
transcript:AT2G06855.1	2	7520507	7520579	+	73	1	0	4	1	1	1	0	3
transcript:AT2G06865.1	2	7520753	7520902	+	150	0	0	1	5	1	4	5	4
transcript:AT2G17295.1	2	7520942	7521021	+	80	0	0	1	0	1	0	1	0
transcript:AT2G20721.1	2	8931565	8931655	-	91	17	17	24	25	16	8	17	19
transcript:AT2G20722.1	2	8931708	8931782	-	75	11	8	13	12	4	7	3	14
transcript:AT2G20723.1	2	8931849	8931922	-	74	9	8	5	9	4	11	8	11
transcript:AT2G07605.1	2	9560355	9560446	+	92	0	2	2	1	5	4	0	4
transcript:AT2G07615.1	2	9560536	9560623	+	88	0	3	0	0	1	0	0	0
transcript:AT2G08370.1	2	12881664	12881750	+	87	0	0	1	0	0	0	0	0
transcript:AT2G08375.1	2	12882818	12882893	+	76	1	0	0	0	0	0	0	0
transcript:AT2G08390.1	2	12975859	12975945	-	87	0	0	0	0	0	0	0	0
transcript:AT2G08580.1	2	14163648	14163769	+	122	1	0	3	1	0	2	1	8
transcript:AT2G08585.1	2	14163825	14163975	+	151	3	0	0	10	2	5	5	5
transcript:AT2G35382.1	2	14894380	14894455	-	76	0	0	2	0	0	0	0	1
transcript:AT2G35384.1	2	14894549	14894627	-	79	0	0	0	0	0	0	0	0
transcript:AT2G35387.1	2	14894718	14894796	-	79	0	0	2	0	1	0	1	0
transcript:AT2G08725.1	2	14894875	14894956	-	82	0	0	1	2	1	0	1	1
transcript:AT2G35742.1	2	15027589	15027668	-	80	1	1	1	4	1	4	2	0
transcript:AT2G08755.1	2	15027711	15027803	-	93	0	3	3	2	3	2	2	1
transcript:AT2G08760.1	2	15027868	15028092	-	225	9	8	7	0	6	1	4	14
transcript:AT2G08765.1	2	15029575	15029654	-	80	43	42	30	48	36	19	32	45
transcript:AT2G35744.1	2	15029712	15029790	-	79	38	36	30	22	21	32	41	35
transcript:AT2G35747.1	2	15029832	15029911	-	80	33	61	53	20	41	24	21	34
transcript:AT2G08770.1	2	15029957	15030182	-	226	73	74	90	65	77	56	78	44
transcript:AT2G08860.1	2	15643645	15643786	+	142	15	6	8	8	10	17	7	8
transcript:AT2G08900.1	2	15890070	15890162	-	93	0	2	0	0	2	1	0	0
transcript:AT2G08905.1	2	15890231	15890327	-	97	0	3	1	0	0	0	1	1
transcript:AT2G08910.1	2	15890380	15890473	-	94	1	1	1	4	1	0	4	1
transcript:AT2G43137.1	2	17923081	17923157	+	77	1	0	0	1	0	0	0	0
transcript:AT2G43138.1	2	17923238	17923316	+	79	0	0	0	0	2	1	3	0
transcript:AT2G43139.1	2	17923399	17923477	+	79	0	1	2	0	0	2	0	0
transcript:AT2G43141.1	2	17923563	17923637	+	75	0	0	0	0	0	0	0	1
transcript:AT2G09460.1	2	18017765	18017920	-	156	5	8	10	17	11	9	13	23
transcript:AT2G09465.1	2	18018220	18018382	-	163	18	13	7	8	3	18	8	18
transcript:AT2G09680.1	2	18973209	18973330	+	122	3	3	1	1	4	1	4	0
transcript:AT2G09685.1	2	18973424	18973508	+	85	13	18	9	5	10	6	9	7
transcript:AT2G09690.1	2	18973544	18973705	+	162	26	15	10	6	15	12	11	11
transcript:AT2G09695.1	2	18973735	18973879	+	145	7	10	9	6	13	9	12	7
transcript:AT2G09700.1	2	18973915	18974055	+	141	24	14	7	16	16	12	4	2
transcript:AT2G09705.1	2	18974209	18974352	+	144	1	3	0	0	0	0	2	1
transcript:AT2G09815.1	2	19367708	19367822	+	115	0	0	0	0	0	0	0	0
transcript:AT3G01313.1	3	104687	104769	-	83	2	1	0	1	0	0	0	0
transcript:AT3G01316.1	3	104835	104909	-	75	2	1	3	0	5	1	0	0
transcript:AT3G00985.1	3	104978	105057	-	80	6	1	2	3	1	5	1	2
transcript:AT3G01145.1	3	616508	616632	+	125	12	5	6	8	1	6	8	4
transcript:AT3G01155.1	3	616788	616895	+	108	23	10	11	6	12	13	11	8
transcript:AT3G02045.1	3	2508900	2509019	+	120	13	11	19	8	5	6	12	13
transcript:AT3G02205.1	3	2905170	2905291	-	122	33	30	28	16	37	22	19	10
transcript:AT3G02385.1	3	3579265	3579309	+	45	0	2	0	0	0	0	1	0
transcript:AT3G02435.1	3	3628023	3628099	-	77	7	3	9	2	10	8	7	8
transcript:AT3G02445.1	3	3628138	3628219	-	82	7	7	18	20	17	5	5	7
transcript:AT3G13525.1	3	4411168	4411253	+	86	0	0	0	0	0	0	0	0
transcript:AT3G02725.1	3	4411290	4411443	+	154	1	1	2	4	0	0	0	0
transcript:AT3G02795.1	3	4594225	4594341	-	117	3	2	0	10	0	1	0	0
transcript:AT3G14475.1	3	4860889	4861009	-	121	9	9	11	12	31	20	5	13
transcript:AT3G03175.1	3	5387184	5387268	+	85	2	0	2	2	0	2	0	2
transcript:AT3G03415.1	3	5830003	5830095	-	93	0	0	0	0	0	0	0	0
transcript:AT3G03425.1	3	5830166	5830231	-	66	0	0	1	0	0	1	0	0
transcript:AT3G03445.1	3	5830283	5830437	-	155	0	2	1	0	1	1	0	0
transcript:AT3G03585.1	3	6127895	6127971	-	77	4	4	2	0	5	1	2	0
transcript:AT3G21805.1	3	7682362	7682452	+	91	1	8	9	5	6	10	3	12
transcript:AT3G04155.1	3	7682509	7682595	+	87	4	9	7	7	4	9	4	6
transcript:AT3G04165.1	3	7682639	7682749	+	111	10	11	14	11	16	20	9	13
transcript:AT3G04175.1	3	7682805	7682944	+	140	5	10	8	8	18	10	8	12
transcript:AT3G24612.1	3	8979067	8979153	-	87	0	1	0	2	1	0	0	0
transcript:AT3G24614.1	3	8979284	8979423	-	140	0	0	0	0	0	0	0	0
transcript:AT3G24615.1	3	8979504	8979605	-	102	0	0	0	0	7	0	4	0
transcript:AT3G04985.1	3	9550929	9551074	+	146	0	2	0	0	2	4	0	0
transcript:AT3G27865.1	3	10328510	10328601	+	92	9	2	9	4	4	2	2	5
transcript:AT3G05325.1	3	10328657	10328743	+	87	5	8	1	2	2	7	4	2
transcript:AT3G05335.1	3	10328981	10329073	+	93	3	9	12	12	4	13	18	15
transcript:AT3G05355.1	3	10329133	10329219	+	87	5	21	6	15	14	7	10	14
transcript:AT3G05715.1	3	11154243	11154343	+	101	0	5	5	5	4	9	3	4
transcript:AT3G07715.1	3	17445266	17445329	+	64	9	7	6	9	8	8	3	3
transcript:AT3G47342.1	3	17445382	17445459	+	78	18	17	9	16	7	14	12	13
transcript:AT3G07725.1	3	17445498	17445652	+	155	29	33	17	21	21	9	21	26
transcript:AT3G07735.1	3	17445699	17445771	+	73	26	13	16	15	23	10	20	23
transcript:AT3G47347.1	3	17445810	17445886	+	77	29	41	21	22	35	29	29	44
transcript:AT3G47348.1	3	17445963	17446047	+	85	57	48	63	47	94	60	56	70
transcript:AT3G08165.1	3	18893230	18893310	-	81	9	13	23	10	19	11	22	8
transcript:AT3G50825.1	3	18893404	18893484	-	81	22	46	36	24	29	21	22	24
transcript:AT3G08210.1	3	19212620	19212698	-	79	0	0	0	0	0	0	0	0
transcript:AT3G08275.1	3	19506330	19506371	+	42	0	1	1	2	0	2	0	2
transcript:AT3G08485.1	3	20571519	20571718	+	200	4	8	3	6	3	6	0	5
transcript:AT3G58193.1	3	21559060	21559139	+	80	0	0	0	0	0	0	0	0
transcript:AT3G58196.1	3	21559244	21559320	+	77	0	0	0	0	0	0	0	0
transcript:AT3G09225.1	3	22054746	22054869	-	124	1	0	6	2	0	4	0	0
transcript:AT3G09865.1	3	23181704	23181833	-	130	0	2	0	4	0	5	2	0
transcript:AT4G03915.1	4	687715	687867	+	153	4	1	4	6	0	2	0	13
transcript:AT4G03925.1	4	687898	688053	+	156	4	0	3	2	3	1	4	0
transcript:AT4G02555.1	4	1122603	1122678	+	76	0	0	0	0	1	2	0	0
transcript:AT4G04205.1	4	1122744	1122852	+	109	0	0	0	0	0	1	0	0
transcript:AT4G04465.1	4	1445731	1445846	-	116	2	0	6	2	4	0	0	0
transcript:AT4G03295.1	4	1445879	1445954	-	76	3	0	1	1	0	1	0	0
transcript:AT4G04475.1	4	1445997	1446085	-	89	1	1	0	4	1	1	0	0
transcript:AT4G04485.1	4	1446117	1446259	-	143	0	1	1	3	1	3	0	1
transcript:AT4G05045.1	4	2586717	2586745	-	29	0	0	0	0	0	0	0	0
transcript:AT4G05055.1	4	2586794	2586946	-	153	0	0	0	0	0	0	0	0
transcript:AT4G05048.1	4	2586978	2587104	-	127	1	0	0	0	0	0	0	0
transcript:AT4G06010.1	4	7683787	7683889	+	103	1	1	1	0	1	2	4	0
transcript:AT4G06015.1	4	7683937	7684020	+	84	1	0	1	1	0	3	0	0
transcript:AT4G13245.1	4	7684061	7684142	+	82	1	1	0	1	0	3	0	0
transcript:AT4G06240.1	4	8459709	8459804	+	96	9	7	3	1	7	7	5	6
transcript:AT4G06245.1	4	8459900	8459993	+	94	2	3	0	0	6	0	6	6
transcript:AT4G06250.1	4	8460056	8460149	+	94	1	5	2	6	1	0	8	3
transcript:AT4G06255.1	4	8460220	8460346	+	127	0	9	2	0	1	0	4	0
transcript:AT4G06305.1	4	8712523	8712660	-	138	2	8	1	1	0	3	6	2
transcript:AT4G06310.1	4	8712720	8712813	-	94	1	2	1	1	6	2	5	2
transcript:AT4G06315.1	4	8712878	8712966	-	89	0	3	0	0	3	3	1	1
transcript:AT4G06320.1	4	8713055	8713144	-	90	0	1	0	0	0	3	1	0
transcript:AT4G15258.1	4	8713226	8713353	-	128	6	10	4	3	13	5	12	6
transcript:AT4G06705.1	4	9715045	9715195	-	151	0	14	6	2	0	4	9	7
transcript:AT4G07075.1	4	11795167	11795267	+	101	0	0	6	0	4	6	0	0
transcript:AT4G25631.1	4	13075563	13075635	+	73	0	0	2	0	1	0	0	1
transcript:AT4G26365.1	4	13332834	13332911	-	78	0	0	1	0	1	2	0	1
transcript:AT4G07625.1	4	13333016	13333112	-	97	2	0	12	3	10	2	0	1
transcript:AT4G07635.1	4	13333203	13333285	-	83	0	0	1	0	0	0	0	0
transcript:AT4G08125.1	4	14468649	14468743	-	95	0	1	0	0	2	1	1	3
transcript:AT4G08155.1	4	14468817	14468901	-	85	2	4	0	3	5	2	3	1
transcript:AT4G08165.1	4	14468964	14469056	-	93	1	2	1	2	2	0	4	3
transcript:AT4G08175.1	4	14469192	14469284	-	93	1	4	0	2	1	5	3	0
transcript:AT4G08235.1	4	14605433	14605620	-	188	7	8	11	10	5	5	4	8
transcript:AT4G08325.1	4	14959547	14959678	-	132	0	0	0	0	0	0	0	0
transcript:AT4G08425.1	4	15100386	15100550	+	165	37	36	40	52	29	23	36	26
transcript:AT4G08615.1	4	15466895	15466974	+	80	1	0	2	0	2	0	0	1
transcript:AT4G08625.1	4	15467096	15467174	+	79	3	4	1	0	0	0	2	0
transcript:AT4G09475.1	4	17428432	17428517	+	86	1	3	5	4	4	4	8	1
transcript:AT4G39361.1	4	18304891	18305010	+	120	19	42	14	9	17	22	17	20
transcript:AT4G09845.1	4	18305108	18305210	+	103	16	22	17	20	16	12	14	7
transcript:AT4G39363.1	4	18305256	18305375	+	120	34	33	31	36	22	26	36	28
transcript:AT4G39364.1	4	18305415	18305536	+	122	22	32	30	21	21	34	31	23
transcript:AT4G39366.1	4	18305585	18305704	+	120	30	29	35	18	25	21	35	31
transcript:AT5G00750.1	5	142346	142489	-	144	3	1	2	2	0	7	1	0
transcript:AT5G00755.1	5	142551	142633	-	83	0	1	4	3	1	5	4	0
transcript:AT5G00760.1	5	146303	146377	-	75	4	1	0	3	3	7	2	4
transcript:AT5G00765.1	5	146623	146741	-	119	2	1	3	0	4	2	2	0
transcript:AT5G01135.1	5	1808562	1808716	+	155	0	0	0	0	0	1	2	0
transcript:AT5G01145.1	5	1808757	1808911	+	155	0	0	0	0	2	4	0	0
transcript:AT5G01165.1	5	1867605	1867678	-	74	3	1	4	7	6	5	6	2
transcript:AT5G01195.1	5	1867740	1867831	-	92	4	2	8	4	8	12	12	1
transcript:AT5G01495.1	5	2632300	2632416	-	117	1	4	2	0	2	0	0	4
transcript:AT5G01505.1	5	2632524	2632665	-	142	3	3	0	3	5	1	0	0
transcript:AT5G01515.1	5	2632770	2632923	-	154	0	2	0	2	0	3	0	1
transcript:AT5G01785.1	5	3343371	3343521	+	151	4	4	1	7	3	9	0	4
transcript:AT5G10572.1	5	3343593	3343725	+	133	13	6	5	10	6	4	3	2
transcript:AT5G13225.1	5	4222003	4222085	-	83	1	3	3	2	0	0	4	2
transcript:AT5G02295.1	5	4866316	4866393	+	78	0	0	0	0	0	0	0	0
transcript:AT5G02305.1	5	4866462	4866538	+	77	1	0	2	0	0	1	0	0
transcript:AT5G02315.1	5	4866592	4866655	+	64	0	1	4	3	0	0	2	1
transcript:AT5G02325.1	5	4866720	4866816	+	97	2	2	4	4	0	2	6	7
transcript:AT5G02565.1	5	5448918	5449170	+	253	10	17	19	26	26	34	4	18
transcript:AT5G02575.1	5	5449240	5449529	+	290	13	14	28	13	23	37	17	6
transcript:AT5G02655.1	5	5674183	5674279	-	97	0	1	0	0	7	0	1	2
transcript:AT5G02665.1	5	5674408	5674499	-	92	2	3	6	0	4	5	2	2
transcript:AT5G02675.1	5	5674579	5674672	-	94	2	0	2	0	2	0	2	0
transcript:AT5G02915.1	5	6177776	6177891	+	116	0	1	2	2	0	1	0	1
transcript:AT5G04425.1	5	9816530	9816667	+	138	6	6	4	0	1	9	3	2
transcript:AT5G04545.1	5	9874726	9874881	-	156	5	13	7	9	16	17	5	11
transcript:AT5G04945.1	5	11484896	11484914	-	19	0	0	0	0	0	0	0	0
transcript:AT5G05375.1	5	14710595	14710697	-	103	0	0	0	0	0	0	0	0
transcript:AT5G05385.1	5	14710749	14710848	-	100	0	0	0	0	0	0	0	0
transcript:AT5G06115.1	5	16424246	16424389	+	144	4	3	2	0	0	2	0	1
transcript:AT5G41471.1	5	16598796	16598905	+	110	18	12	17	26	33	27	5	6
transcript:AT5G06305.1	5	16975699	16975782	-	84	0	0	0	1	0	8	3	0
transcript:AT5G06565.1	5	17840026	17840123	+	98	0	0	1	0	0	0	0	0
transcript:AT5G44286.1	5	17840220	17840304	+	85	0	2	0	0	3	0	0	0
transcript:AT5G06825.1	5	18833820	18833896	+	77	3	3	4	0	1	4	1	2
transcript:AT5G06835.1	5	18866218	18866362	+	145	0	0	1	3	1	0	0	0
transcript:AT5G07095.1	5	19624548	19624687	+	140	10	6	16	8	23	7	4	3
transcript:AT5G07105.1	5	19624720	19624869	+	150	1	2	4	4	3	5	0	1
transcript:AT5G07725.1	5	20795723	20795828	+	106	4	5	3	1	5	9	11	4
transcript:AT5G51174.1	5	20795936	20796051	+	116	0	3	3	2	1	13	2	6
transcript:AT5G07735.1	5	20796128	20796227	+	100	0	0	2	0	0	4	0	1
transcript:AT5G52471.1	5	21295736	21295809	+	74	4	2	2	11	3	12	2	1
transcript:AT5G53902.1	5	21887966	21888667	+	702	25	18	21	23	43	44	19	32
transcript:AT5G54075.1	5	21945349	21945709	-	361	24	22	14	32	40	49	25	32
transcript:AT5G08495.1	5	22828549	22828703	+	155	9	11	7	6	9	22	6	9
transcript:AT5G08515.1	5	22828809	22828897	+	89	7	15	13	15	18	6	4	5
transcript:AT5G08525.1	5	22828963	22829045	+	83	7	6	4	5	5	1	3	3
transcript:AT5G08805.1	5	23440301	23440406	+	106	0	3	0	1	3	0	1	0
transcript:AT5G58595.1	5	23682880	23682963	-	84	0	0	0	3	1	1	0	0
transcript:AT5G08850.1	5	23683020	23683106	-	87	0	0	0	0	0	0	0	0
transcript:AT5G08860.1	5	23683176	23683262	-	87	0	2	1	1	1	8	1	0
transcript:AT5G08865.1	5	23683307	23683445	-	139	1	2	2	5	2	11	8	3
transcript:AT5G09000.1	5	24709074	24709141	-	68	0	0	0	0	0	0	0	0
transcript:AT5G09005.1	5	24709217	24709297	-	81	0	0	0	0	0	0	0	0
transcript:AT5G09020.1	5	24782700	24782799	-	100	0	0	0	0	2	0	0	0
transcript:AT5G09130.1	5	25290992	25291043	-	52	0	0	1	0	3	0	0	3
transcript:AT5G09495.1	5	26348795	26348899	-	105	3	10	1	1	5	3	2	6
transcript:AT5G09515.1	5	26349736	26349786	-	51	0	0	1	3	0	0	0	1
transcript:AT5G66562.1	5	26567370	26567453	+	84	1	2	2	0	5	2	1	1
transcript:AT5G66564.1	5	26567521	26567604	+	84	2	2	2	2	3	7	0	0
transcript:AT5G66567.1	5	26567660	26567731	+	72	0	0	0	0	1	0	0	0
